8.200e-01	mua, coeficiente de absorcion [1/cm]
13.4000	mus, coeficiente de esparcimiento [1/cm]
0.9100	g, anisotropia [-]
1.5500	n1, indice de refracción del tejido
1.4800	n2, indice de refracción del medio externo
0	Fuente
8.0000	radius, radio del haz plano o radio 1/e del haz Gaussiano [cm]
0.1000	waist, ancho de 1/e del foco [cm]
0.0000	xs, posicion en x de la fuente isotropica [cm]
0.0000	ys, posicion y
0.0000	zs, posicion z
80	NR
80	NZ
0.10000	dr
0.10000	dz
7.8e+05	Nfotones
5.337167e-04	Specular reflectance
8.977186e-01	Absorbed fraction
1.017474e-01	Escaping fraction
0.0	0.06667	0.15556	0.25333	0.35238	0.45185	0.55152	0.65128	0.75111	0.85098	0.95088	1.05079	1.15072	1.25067	1.35062	1.45057	1.55054	1.65051	1.75048	1.85045	1.95043	2.05041	2.15039	2.25037	2.35035	2.45034	2.55033	2.65031	2.75030	2.85029	2.95028	3.05027	3.15026	3.25026	3.35025	3.45024	3.55023	3.65023	3.75022	3.85022	3.95021	4.05021	4.15020	4.25020	4.35019	4.45019	4.55018	4.65018	4.75018	4.85017	4.95017	5.05017	5.15016	5.25016	5.35016	5.45015	5.55015	5.65015	5.75014	5.85014	5.95014	6.05014	6.15014	6.25013	6.35013	6.45013	6.55013	6.65013	6.75012	6.85012	6.95012	7.05012	7.15012	7.25011	7.35011	7.45011	7.55011	7.65011	7.75011	7.85011	7.95010
0.0	5.352342143924e-04	5.042560852434e-04	5.485256804796e-04	4.884594276255e-04	4.950414805961e-04	5.493744224571e-04	4.821730113369e-04	5.373137023156e-04	5.286507523631e-04	5.222409945610e-04	4.925310063493e-04	4.901471321604e-04	4.902481183077e-04	5.135385768941e-04	5.256475056334e-04	5.038087726607e-04	5.061316267987e-04	4.988747089175e-04	5.124167564328e-04	5.056657537756e-04	4.841672005517e-04	4.810428501916e-04	5.190746714308e-04	5.321577922613e-04	5.080559253102e-04	5.081255273473e-04	5.077308814451e-04	4.980295713773e-04	5.045812839312e-04	5.324816033165e-04	4.931036520679e-04	5.052582145400e-04	4.969877593018e-04	4.802708728196e-04	4.953849154623e-04	4.998031476953e-04	4.998762564497e-04	5.200277628166e-04	5.004715907544e-04	5.150832814053e-04	5.178732004389e-04	5.079579116523e-04	5.177350000452e-04	5.153215227338e-04	5.152750127607e-04	5.028799680781e-04	5.173117487275e-04	4.983985570253e-04	5.197949389888e-04	5.246738980649e-04	5.135770640369e-04	5.001995144650e-04	5.020692560443e-04	5.113296230492e-04	4.925518404322e-04	4.978178790131e-04	5.011019640335e-04	4.980100865801e-04	5.071174314880e-04	5.225779429826e-04	5.027869058591e-04	4.876547784322e-04	5.054904212998e-04	5.094759563236e-04	5.063793903676e-04	4.985678024130e-04	5.033662916111e-04	4.940974150389e-04	4.858979927689e-04	4.775206550441e-04	4.853761222433e-04	4.648557295018e-04	4.742075815438e-04	4.652487553228e-04	4.232123799611e-04	4.293546680626e-04	4.042806735699e-04	3.810410729317e-04	3.461675967286e-04	1.205177468603e-03
0.05000	 5.575874e-03	 6.888629e-03	 6.459650e-03	 6.856717e-03	 6.834033e-03	 6.366966e-03	 6.529604e-03	 6.737036e-03	 6.822572e-03	 6.770698e-03	 6.616331e-03	 6.500896e-03	 6.673593e-03	 6.833899e-03	 6.725356e-03	 6.805703e-03	 6.925245e-03	 6.591741e-03	 6.685303e-03	 6.601852e-03	 6.614850e-03	 6.546345e-03	 6.569964e-03	 6.616896e-03	 6.602871e-03	 6.700216e-03	 6.670513e-03	 6.627902e-03	 6.553965e-03	 6.559984e-03	 6.728607e-03	 6.741993e-03	 6.568947e-03	 6.668110e-03	 6.719196e-03	 6.668226e-03	 6.699253e-03	 6.672653e-03	 6.714872e-03	 6.697267e-03	 6.575749e-03	 6.620204e-03	 6.647059e-03	 6.579326e-03	 6.653310e-03	 6.586344e-03	 6.678986e-03	 6.733781e-03	 6.805060e-03	 6.711933e-03	 6.642580e-03	 6.595301e-03	 6.684640e-03	 6.497106e-03	 6.614368e-03	 6.559324e-03	 6.722802e-03	 6.629759e-03	 6.641686e-03	 6.643065e-03	 6.652475e-03	 6.499706e-03	 6.578784e-03	 6.614865e-03	 6.636451e-03	 6.628215e-03	 6.636339e-03	 6.580508e-03	 6.544467e-03	 6.482891e-03	 6.568106e-03	 6.581931e-03	 6.447986e-03	 6.451686e-03	 6.412584e-03	 6.335238e-03	 6.348193e-03	 6.193877e-03	 6.018658e-03	 8.956138e-03
0.15000	 5.680118e-03	 6.312391e-03	 6.786014e-03	 6.299905e-03	 6.693444e-03	 6.263568e-03	 6.495083e-03	 6.548820e-03	 6.480199e-03	 6.872563e-03	 6.559163e-03	 6.503733e-03	 6.658031e-03	 6.427997e-03	 6.672648e-03	 6.726098e-03	 6.635008e-03	 6.268562e-03	 6.364257e-03	 6.630408e-03	 6.569962e-03	 6.471630e-03	 6.441551e-03	 6.459349e-03	 6.559272e-03	 6.580525e-03	 6.678086e-03	 6.512413e-03	 6.310522e-03	 6.545057e-03	 6.507466e-03	 6.503173e-03	 6.499546e-03	 6.376726e-03	 6.549780e-03	 6.502392e-03	 6.596311e-03	 6.507760e-03	 6.498328e-03	 6.525973e-03	 6.520734e-03	 6.598673e-03	 6.466088e-03	 6.402209e-03	 6.486966e-03	 6.566514e-03	 6.457617e-03	 6.539148e-03	 6.534390e-03	 6.537185e-03	 6.572554e-03	 6.500463e-03	 6.483911e-03	 6.463827e-03	 6.470406e-03	 6.475534e-03	 6.506454e-03	 6.540261e-03	 6.550088e-03	 6.595087e-03	 6.419357e-03	 6.420013e-03	 6.445703e-03	 6.446806e-03	 6.515274e-03	 6.431225e-03	 6.504504e-03	 6.445480e-03	 6.457016e-03	 6.436206e-03	 6.404623e-03	 6.418385e-03	 6.301233e-03	 6.286322e-03	 6.216540e-03	 6.190253e-03	 6.172992e-03	 6.012554e-03	 5.795236e-03	 9.317212e-03
0.25000	 5.743123e-03	 5.980332e-03	 6.282326e-03	 5.736160e-03	 6.046810e-03	 6.097692e-03	 6.093566e-03	 6.170181e-03	 6.081373e-03	 6.121380e-03	 6.141721e-03	 6.221979e-03	 5.972054e-03	 6.226680e-03	 6.175865e-03	 6.290464e-03	 6.193050e-03	 6.037666e-03	 6.091538e-03	 6.216792e-03	 6.017869e-03	 6.075630e-03	 6.044649e-03	 6.105600e-03	 6.171589e-03	 6.149550e-03	 6.164126e-03	 6.051707e-03	 6.064943e-03	 6.032648e-03	 6.009291e-03	 6.094084e-03	 6.090521e-03	 5.998971e-03	 6.130381e-03	 6.245902e-03	 6.168901e-03	 6.175821e-03	 6.057733e-03	 6.119368e-03	 6.186274e-03	 6.218504e-03	 6.051906e-03	 6.118412e-03	 6.192537e-03	 6.105195e-03	 6.130338e-03	 6.067412e-03	 6.014359e-03	 6.121099e-03	 6.144399e-03	 6.083817e-03	 6.144995e-03	 6.100999e-03	 6.009295e-03	 6.066755e-03	 6.167150e-03	 6.100551e-03	 6.159197e-03	 6.041774e-03	 6.068609e-03	 6.029951e-03	 6.027687e-03	 6.074883e-03	 6.060697e-03	 6.077107e-03	 6.046007e-03	 6.020881e-03	 6.032233e-03	 6.088702e-03	 6.063076e-03	 5.946516e-03	 5.921656e-03	 5.797220e-03	 5.797643e-03	 5.719669e-03	 5.646453e-03	 5.536594e-03	 5.196908e-03	 9.455204e-03
0.35000	 5.591649e-03	 5.513353e-03	 5.857104e-03	 5.297929e-03	 5.541522e-03	 5.743815e-03	 5.722741e-03	 5.731551e-03	 5.537263e-03	 5.719866e-03	 5.598787e-03	 5.556707e-03	 5.465958e-03	 5.655882e-03	 5.607663e-03	 5.597874e-03	 5.570411e-03	 5.615806e-03	 5.502455e-03	 5.696218e-03	 5.496197e-03	 5.498364e-03	 5.571227e-03	 5.435007e-03	 5.536556e-03	 5.367314e-03	 5.564160e-03	 5.585639e-03	 5.453717e-03	 5.453279e-03	 5.356455e-03	 5.584840e-03	 5.570886e-03	 5.520147e-03	 5.645971e-03	 5.654261e-03	 5.547280e-03	 5.587134e-03	 5.564088e-03	 5.535328e-03	 5.513197e-03	 5.536516e-03	 5.487373e-03	 5.447955e-03	 5.523604e-03	 5.555659e-03	 5.546833e-03	 5.492061e-03	 5.591070e-03	 5.532609e-03	 5.556521e-03	 5.422175e-03	 5.460688e-03	 5.481387e-03	 5.476450e-03	 5.555454e-03	 5.519218e-03	 5.497794e-03	 5.437121e-03	 5.479462e-03	 5.454320e-03	 5.464721e-03	 5.433700e-03	 5.492271e-03	 5.404178e-03	 5.498644e-03	 5.517018e-03	 5.462982e-03	 5.467678e-03	 5.429509e-03	 5.442901e-03	 5.318356e-03	 5.265041e-03	 5.235829e-03	 5.160884e-03	 5.067714e-03	 4.935170e-03	 4.808793e-03	 4.435447e-03	 9.181262e-03
0.45000	 4.797705e-03	 4.829877e-03	 4.559244e-03	 4.819177e-03	 5.024832e-03	 5.065275e-03	 5.060142e-03	 5.126572e-03	 4.764936e-03	 4.983335e-03	 4.986586e-03	 4.935669e-03	 4.787237e-03	 4.765724e-03	 5.066084e-03	 5.034739e-03	 4.923565e-03	 4.873232e-03	 4.905936e-03	 5.022128e-03	 4.853793e-03	 4.870688e-03	 4.830241e-03	 4.716687e-03	 4.813910e-03	 4.772935e-03	 4.825251e-03	 4.958194e-03	 4.766462e-03	 4.833545e-03	 4.847568e-03	 4.849534e-03	 4.812675e-03	 4.836159e-03	 4.862943e-03	 4.918344e-03	 4.875992e-03	 4.951104e-03	 4.830787e-03	 4.897750e-03	 4.886565e-03	 4.794424e-03	 4.767817e-03	 4.753630e-03	 4.833742e-03	 4.845364e-03	 4.847980e-03	 4.932519e-03	 4.832396e-03	 4.894451e-03	 4.881672e-03	 4.827254e-03	 4.768998e-03	 4.799465e-03	 4.865443e-03	 4.849685e-03	 4.816146e-03	 4.821079e-03	 4.838085e-03	 4.788771e-03	 4.823256e-03	 4.844483e-03	 4.829944e-03	 4.913341e-03	 4.746596e-03	 4.772926e-03	 4.868379e-03	 4.751173e-03	 4.780966e-03	 4.767801e-03	 4.762923e-03	 4.765119e-03	 4.679509e-03	 4.578774e-03	 4.478037e-03	 4.390075e-03	 4.279917e-03	 4.076703e-03	 3.715646e-03	 8.933879e-03
0.55000	 3.690188e-03	 3.905143e-03	 4.146933e-03	 3.951637e-03	 4.278430e-03	 4.154195e-03	 4.204830e-03	 4.307958e-03	 4.208550e-03	 4.155104e-03	 4.217613e-03	 4.159071e-03	 4.100367e-03	 4.156336e-03	 4.283552e-03	 4.239994e-03	 4.201197e-03	 4.306854e-03	 4.194569e-03	 4.238078e-03	 4.301258e-03	 4.142572e-03	 4.216917e-03	 4.099614e-03	 4.213051e-03	 4.262323e-03	 4.211342e-03	 4.190846e-03	 4.225436e-03	 4.282651e-03	 4.112285e-03	 4.198361e-03	 4.154242e-03	 4.198424e-03	 4.216267e-03	 4.222134e-03	 4.072223e-03	 4.295600e-03	 4.167726e-03	 4.184984e-03	 4.135153e-03	 4.060057e-03	 4.156467e-03	 4.179855e-03	 4.169815e-03	 4.174123e-03	 4.210768e-03	 4.200427e-03	 4.220383e-03	 4.266136e-03	 4.203564e-03	 4.174664e-03	 4.156997e-03	 4.190160e-03	 4.176446e-03	 4.178336e-03	 4.174650e-03	 4.143420e-03	 4.139369e-03	 4.128744e-03	 4.126270e-03	 4.131754e-03	 4.152186e-03	 4.140779e-03	 4.085308e-03	 4.080528e-03	 4.136721e-03	 4.146804e-03	 4.081461e-03	 4.064200e-03	 4.014841e-03	 3.973240e-03	 4.001252e-03	 3.938832e-03	 3.827397e-03	 3.708177e-03	 3.619892e-03	 3.357353e-03	 3.049945e-03	 8.433618e-03
0.65000	 3.377640e-03	 3.429661e-03	 3.595525e-03	 3.417893e-03	 3.557526e-03	 3.531916e-03	 3.660364e-03	 3.764783e-03	 3.705749e-03	 3.466328e-03	 3.615268e-03	 3.566804e-03	 3.453421e-03	 3.582877e-03	 3.563634e-03	 3.520843e-03	 3.610064e-03	 3.629040e-03	 3.610983e-03	 3.580368e-03	 3.643245e-03	 3.669750e-03	 3.584884e-03	 3.604388e-03	 3.472434e-03	 3.524183e-03	 3.470594e-03	 3.497699e-03	 3.484256e-03	 3.570432e-03	 3.560388e-03	 3.580809e-03	 3.552881e-03	 3.558140e-03	 3.564261e-03	 3.555971e-03	 3.505112e-03	 3.642498e-03	 3.572542e-03	 3.612134e-03	 3.496073e-03	 3.500557e-03	 3.559059e-03	 3.563103e-03	 3.516459e-03	 3.631599e-03	 3.627871e-03	 3.547800e-03	 3.547426e-03	 3.615917e-03	 3.583935e-03	 3.577707e-03	 3.505689e-03	 3.558317e-03	 3.497478e-03	 3.522387e-03	 3.525240e-03	 3.583069e-03	 3.558273e-03	 3.495744e-03	 3.594262e-03	 3.518323e-03	 3.568956e-03	 3.497039e-03	 3.517508e-03	 3.499139e-03	 3.480838e-03	 3.519486e-03	 3.492649e-03	 3.467588e-03	 3.382988e-03	 3.372528e-03	 3.358478e-03	 3.280923e-03	 3.220718e-03	 3.119572e-03	 3.013211e-03	 2.746740e-03	 2.460455e-03	 7.691368e-03
0.75000	 3.267566e-03	 2.876594e-03	 3.006502e-03	 3.083954e-03	 3.163256e-03	 3.168267e-03	 2.975043e-03	 3.009413e-03	 3.051339e-03	 3.105576e-03	 3.080536e-03	 2.975550e-03	 3.013060e-03	 3.070903e-03	 3.095057e-03	 3.010046e-03	 3.086473e-03	 3.057733e-03	 2.972658e-03	 3.051006e-03	 3.027436e-03	 3.056529e-03	 2.982472e-03	 2.891378e-03	 2.939943e-03	 3.003833e-03	 2.970167e-03	 2.964960e-03	 2.976080e-03	 3.035225e-03	 2.925135e-03	 2.968209e-03	 3.007736e-03	 3.042923e-03	 2.999686e-03	 2.950691e-03	 2.999630e-03	 2.959616e-03	 3.043065e-03	 3.057312e-03	 2.982707e-03	 3.035112e-03	 2.958606e-03	 2.995946e-03	 2.976645e-03	 3.017122e-03	 3.042183e-03	 3.011614e-03	 3.043462e-03	 2.997236e-03	 3.038918e-03	 2.973686e-03	 3.031264e-03	 2.962917e-03	 2.955537e-03	 2.979281e-03	 2.906087e-03	 3.043284e-03	 2.984761e-03	 2.958590e-03	 2.965524e-03	 2.982746e-03	 2.971692e-03	 2.998349e-03	 2.957034e-03	 2.904169e-03	 2.938190e-03	 2.978580e-03	 2.913185e-03	 2.916125e-03	 2.866799e-03	 2.809818e-03	 2.807356e-03	 2.755030e-03	 2.631017e-03	 2.544569e-03	 2.453040e-03	 2.266858e-03	 1.978871e-03	 6.940925e-03
0.85000	 2.770302e-03	 2.184393e-03	 2.410012e-03	 2.481914e-03	 2.502188e-03	 2.422758e-03	 2.564034e-03	 2.610972e-03	 2.522410e-03	 2.506374e-03	 2.485227e-03	 2.548495e-03	 2.426610e-03	 2.519993e-03	 2.480931e-03	 2.473244e-03	 2.519240e-03	 2.442389e-03	 2.442260e-03	 2.584923e-03	 2.465409e-03	 2.532862e-03	 2.457267e-03	 2.492308e-03	 2.502980e-03	 2.489755e-03	 2.546327e-03	 2.506956e-03	 2.447702e-03	 2.490894e-03	 2.494009e-03	 2.548741e-03	 2.522052e-03	 2.537618e-03	 2.508136e-03	 2.464594e-03	 2.522530e-03	 2.503463e-03	 2.494130e-03	 2.529482e-03	 2.502919e-03	 2.518027e-03	 2.535878e-03	 2.472977e-03	 2.544100e-03	 2.512997e-03	 2.524222e-03	 2.519196e-03	 2.466616e-03	 2.486528e-03	 2.492693e-03	 2.484142e-03	 2.516442e-03	 2.487899e-03	 2.491087e-03	 2.527538e-03	 2.487533e-03	 2.555390e-03	 2.474478e-03	 2.479844e-03	 2.487774e-03	 2.517412e-03	 2.506536e-03	 2.457651e-03	 2.465830e-03	 2.447174e-03	 2.465710e-03	 2.449656e-03	 2.378369e-03	 2.404467e-03	 2.384871e-03	 2.335028e-03	 2.330106e-03	 2.265642e-03	 2.155232e-03	 2.075945e-03	 1.982036e-03	 1.816218e-03	 1.633208e-03	 6.286283e-03
0.95000	 1.695503e-03	 1.895222e-03	 2.043340e-03	 1.879190e-03	 2.094236e-03	 2.149396e-03	 2.153483e-03	 2.094332e-03	 2.088474e-03	 2.101279e-03	 2.082321e-03	 2.084143e-03	 2.115635e-03	 1.955477e-03	 2.104463e-03	 2.078085e-03	 2.078671e-03	 2.073586e-03	 2.047985e-03	 2.079338e-03	 2.104797e-03	 2.086133e-03	 2.020367e-03	 2.019303e-03	 2.088332e-03	 2.042191e-03	 2.123609e-03	 2.068073e-03	 2.104439e-03	 2.067079e-03	 2.083879e-03	 2.097364e-03	 2.073813e-03	 2.075094e-03	 2.099330e-03	 2.077911e-03	 2.139983e-03	 2.083154e-03	 2.077477e-03	 2.091326e-03	 2.078540e-03	 2.072308e-03	 2.105946e-03	 2.072108e-03	 2.065412e-03	 2.062640e-03	 2.108995e-03	 2.041632e-03	 2.084131e-03	 2.053109e-03	 2.055229e-03	 2.071210e-03	 2.090994e-03	 2.078845e-03	 2.058663e-03	 2.022910e-03	 2.063429e-03	 2.110010e-03	 2.060989e-03	 2.054429e-03	 2.060799e-03	 2.057045e-03	 2.046761e-03	 2.048144e-03	 2.023293e-03	 2.002234e-03	 2.018185e-03	 2.010582e-03	 1.998826e-03	 1.939598e-03	 1.960587e-03	 1.923779e-03	 1.878894e-03	 1.824878e-03	 1.750574e-03	 1.681854e-03	 1.581436e-03	 1.472127e-03	 1.304315e-03	 5.560742e-03
1.05000	 1.572615e-03	 1.720537e-03	 1.699206e-03	 1.641539e-03	 1.734987e-03	 1.867720e-03	 1.759633e-03	 1.644347e-03	 1.738478e-03	 1.762786e-03	 1.634048e-03	 1.679220e-03	 1.609954e-03	 1.698867e-03	 1.786966e-03	 1.751409e-03	 1.729594e-03	 1.741645e-03	 1.644567e-03	 1.719741e-03	 1.735684e-03	 1.761538e-03	 1.686387e-03	 1.698673e-03	 1.722533e-03	 1.687025e-03	 1.704616e-03	 1.688830e-03	 1.710589e-03	 1.720036e-03	 1.724082e-03	 1.749084e-03	 1.726857e-03	 1.716527e-03	 1.690646e-03	 1.694403e-03	 1.686671e-03	 1.739068e-03	 1.717104e-03	 1.691653e-03	 1.706499e-03	 1.696899e-03	 1.739322e-03	 1.718854e-03	 1.720244e-03	 1.730153e-03	 1.726182e-03	 1.671945e-03	 1.735834e-03	 1.757343e-03	 1.712384e-03	 1.739311e-03	 1.719514e-03	 1.713360e-03	 1.712494e-03	 1.705729e-03	 1.723187e-03	 1.717775e-03	 1.706112e-03	 1.693640e-03	 1.707257e-03	 1.710703e-03	 1.720782e-03	 1.685875e-03	 1.679853e-03	 1.675403e-03	 1.683735e-03	 1.675624e-03	 1.643808e-03	 1.623387e-03	 1.601415e-03	 1.570174e-03	 1.547472e-03	 1.517877e-03	 1.439223e-03	 1.375307e-03	 1.306005e-03	 1.192207e-03	 1.058456e-03	 4.792299e-03
1.15000	 1.340906e-03	 1.247482e-03	 1.401663e-03	 1.411785e-03	 1.442249e-03	 1.527595e-03	 1.472385e-03	 1.356742e-03	 1.425447e-03	 1.426104e-03	 1.367654e-03	 1.343505e-03	 1.346465e-03	 1.412441e-03	 1.424449e-03	 1.474757e-03	 1.355175e-03	 1.403677e-03	 1.409647e-03	 1.415656e-03	 1.359574e-03	 1.394095e-03	 1.383276e-03	 1.387742e-03	 1.389325e-03	 1.363879e-03	 1.387491e-03	 1.416912e-03	 1.386310e-03	 1.445769e-03	 1.422554e-03	 1.452544e-03	 1.442319e-03	 1.416128e-03	 1.422353e-03	 1.397917e-03	 1.400485e-03	 1.403894e-03	 1.366930e-03	 1.381069e-03	 1.381517e-03	 1.410578e-03	 1.390397e-03	 1.426570e-03	 1.437157e-03	 1.436949e-03	 1.444531e-03	 1.421519e-03	 1.439052e-03	 1.441058e-03	 1.437815e-03	 1.438503e-03	 1.383610e-03	 1.395477e-03	 1.424298e-03	 1.387683e-03	 1.399942e-03	 1.419832e-03	 1.407306e-03	 1.400158e-03	 1.415327e-03	 1.425713e-03	 1.393914e-03	 1.387950e-03	 1.404994e-03	 1.390867e-03	 1.385617e-03	 1.347218e-03	 1.311332e-03	 1.336222e-03	 1.304481e-03	 1.259280e-03	 1.262782e-03	 1.215079e-03	 1.180270e-03	 1.098628e-03	 1.031411e-03	 9.378264e-04	 8.640281e-04	 4.165459e-03
1.25000	 1.065907e-03	 1.160327e-03	 1.198825e-03	 1.290717e-03	 1.206730e-03	 1.160818e-03	 1.197260e-03	 1.239871e-03	 1.153700e-03	 1.181629e-03	 1.133952e-03	 1.102529e-03	 1.174481e-03	 1.199634e-03	 1.115514e-03	 1.143575e-03	 1.206678e-03	 1.157398e-03	 1.206462e-03	 1.181224e-03	 1.184807e-03	 1.133608e-03	 1.154118e-03	 1.177180e-03	 1.135688e-03	 1.154593e-03	 1.155671e-03	 1.142588e-03	 1.135251e-03	 1.182847e-03	 1.182219e-03	 1.208521e-03	 1.153881e-03	 1.175249e-03	 1.173689e-03	 1.195169e-03	 1.150407e-03	 1.166352e-03	 1.128593e-03	 1.150994e-03	 1.126622e-03	 1.148692e-03	 1.133094e-03	 1.169643e-03	 1.147366e-03	 1.167889e-03	 1.177517e-03	 1.190737e-03	 1.163792e-03	 1.168755e-03	 1.160899e-03	 1.161453e-03	 1.144502e-03	 1.142350e-03	 1.139016e-03	 1.142513e-03	 1.151828e-03	 1.160946e-03	 1.148580e-03	 1.159849e-03	 1.141433e-03	 1.164972e-03	 1.141727e-03	 1.127007e-03	 1.142406e-03	 1.107480e-03	 1.146330e-03	 1.108752e-03	 1.093982e-03	 1.088115e-03	 1.088092e-03	 1.022315e-03	 1.023691e-03	 9.726867e-04	 9.448581e-04	 8.922200e-04	 8.158675e-04	 7.492197e-04	 6.932801e-04	 3.611467e-03
1.35000	 9.894765e-04	 1.029221e-03	 9.301080e-04	 9.449728e-04	 1.044222e-03	 1.049591e-03	 9.971217e-04	 9.332703e-04	 1.048103e-03	 9.999190e-04	 9.528671e-04	 9.669646e-04	 9.842920e-04	 9.648297e-04	 9.243340e-04	 9.544908e-04	 9.615404e-04	 9.579719e-04	 9.858165e-04	 9.802842e-04	 9.567212e-04	 9.215772e-04	 9.161089e-04	 9.622819e-04	 9.593915e-04	 9.654358e-04	 9.370283e-04	 9.538970e-04	 9.199851e-04	 9.489533e-04	 9.493741e-04	 9.668425e-04	 9.782594e-04	 9.476530e-04	 9.817245e-04	 9.386743e-04	 9.508977e-04	 9.351945e-04	 9.349481e-04	 9.470051e-04	 9.356057e-04	 9.591291e-04	 9.600998e-04	 9.572338e-04	 9.544298e-04	 9.444858e-04	 9.496921e-04	 9.571892e-04	 9.573737e-04	 9.558901e-04	 9.388904e-04	 9.659055e-04	 9.550289e-04	 9.369871e-04	 9.368814e-04	 9.529932e-04	 9.411430e-04	 9.661809e-04	 9.538122e-04	 9.374717e-04	 9.419528e-04	 9.472027e-04	 9.328833e-04	 9.212866e-04	 9.213676e-04	 9.388941e-04	 9.331643e-04	 8.969065e-04	 8.867916e-04	 8.777723e-04	 8.615097e-04	 8.452157e-04	 8.276888e-04	 7.947353e-04	 7.647830e-04	 7.187918e-04	 6.743077e-04	 6.132649e-04	 5.523360e-04	 3.118920e-03
1.45000	 8.976513e-04	 9.063876e-04	 8.528591e-04	 8.154680e-04	 7.675594e-04	 8.583273e-04	 8.016513e-04	 7.738163e-04	 7.737529e-04	 8.021735e-04	 8.326630e-04	 7.804349e-04	 7.939698e-04	 7.760057e-04	 7.571055e-04	 7.826455e-04	 7.933487e-04	 7.777941e-04	 8.249077e-04	 7.855947e-04	 7.850755e-04	 7.640798e-04	 7.871708e-04	 7.974939e-04	 8.073220e-04	 7.823496e-04	 7.677455e-04	 7.703205e-04	 7.858355e-04	 7.781411e-04	 7.731079e-04	 7.548036e-04	 7.846040e-04	 7.970950e-04	 7.744695e-04	 7.870775e-04	 7.854205e-04	 7.825113e-04	 7.813273e-04	 7.600228e-04	 7.966791e-04	 7.889627e-04	 7.901939e-04	 7.889930e-04	 7.746820e-04	 7.788450e-04	 7.899346e-04	 7.877084e-04	 7.660732e-04	 7.911096e-04	 7.778373e-04	 7.890247e-04	 7.780413e-04	 7.656201e-04	 7.809374e-04	 7.843462e-04	 7.704020e-04	 7.941661e-04	 7.856335e-04	 7.603864e-04	 7.710914e-04	 7.542585e-04	 7.737301e-04	 7.530687e-04	 7.588364e-04	 7.562397e-04	 7.490194e-04	 7.262011e-04	 7.334128e-04	 7.120363e-04	 6.819170e-04	 6.761366e-04	 6.600963e-04	 6.317953e-04	 6.102499e-04	 5.813893e-04	 5.371410e-04	 5.013845e-04	 4.483559e-04	 2.623756e-03
1.55000	 6.743489e-04	 7.498185e-04	 6.879049e-04	 6.367635e-04	 6.696539e-04	 6.217859e-04	 6.116789e-04	 6.156153e-04	 6.772767e-04	 6.421037e-04	 6.248232e-04	 6.434416e-04	 6.682757e-04	 6.399973e-04	 6.302910e-04	 6.525631e-04	 6.544884e-04	 6.588025e-04	 6.370701e-04	 6.512343e-04	 6.458621e-04	 6.501310e-04	 6.516846e-04	 6.361103e-04	 6.175462e-04	 6.288043e-04	 6.464854e-04	 6.219231e-04	 6.308182e-04	 6.169047e-04	 6.210582e-04	 6.290166e-04	 6.445651e-04	 6.664749e-04	 6.528456e-04	 6.353360e-04	 6.280053e-04	 6.359108e-04	 6.422160e-04	 6.283684e-04	 6.406293e-04	 6.312026e-04	 6.387645e-04	 6.428078e-04	 6.671350e-04	 6.412113e-04	 6.552954e-04	 6.616472e-04	 6.214153e-04	 6.539979e-04	 6.439869e-04	 6.403830e-04	 6.425780e-04	 6.433959e-04	 6.285344e-04	 6.374425e-04	 6.343659e-04	 6.411769e-04	 6.331395e-04	 6.309829e-04	 6.219889e-04	 6.276302e-04	 6.407807e-04	 6.255771e-04	 6.147752e-04	 6.093963e-04	 6.074201e-04	 6.071041e-04	 6.022334e-04	 5.761666e-04	 5.652809e-04	 5.652223e-04	 5.392234e-04	 5.107395e-04	 4.966897e-04	 4.673107e-04	 4.258585e-04	 4.065455e-04	 3.665908e-04	 2.242269e-03
1.65000	 5.603590e-04	 5.674973e-04	 5.209497e-04	 4.858856e-04	 5.488834e-04	 5.241935e-04	 4.930271e-04	 5.273340e-04	 5.605752e-04	 5.371108e-04	 5.137650e-04	 5.170672e-04	 5.239719e-04	 5.170866e-04	 5.424321e-04	 5.417209e-04	 5.204644e-04	 5.209882e-04	 5.360650e-04	 5.175257e-04	 5.345373e-04	 5.156011e-04	 5.399754e-04	 5.035072e-04	 4.991651e-04	 5.156747e-04	 5.140865e-04	 4.904169e-04	 5.197731e-04	 5.282218e-04	 5.187392e-04	 4.995501e-04	 5.335876e-04	 5.388926e-04	 5.330284e-04	 5.349355e-04	 5.301501e-04	 5.285999e-04	 5.292103e-04	 5.173488e-04	 5.213117e-04	 5.272397e-04	 5.169033e-04	 5.244403e-04	 5.472724e-04	 5.232528e-04	 5.127079e-04	 5.191547e-04	 5.107484e-04	 5.372356e-04	 5.315874e-04	 5.359468e-04	 5.232370e-04	 5.292476e-04	 5.202260e-04	 5.169805e-04	 5.200714e-04	 5.224495e-04	 5.168598e-04	 5.164475e-04	 5.071417e-04	 5.043531e-04	 5.020778e-04	 5.031364e-04	 4.991894e-04	 5.019382e-04	 4.841613e-04	 4.938330e-04	 4.786258e-04	 4.747708e-04	 4.608202e-04	 4.561791e-04	 4.363437e-04	 4.136814e-04	 3.962159e-04	 3.696799e-04	 3.471188e-04	 3.319651e-04	 2.967448e-04	 1.904759e-03
1.75000	 3.870825e-04	 3.799527e-04	 4.282742e-04	 4.142573e-04	 4.324101e-04	 4.409250e-04	 4.319497e-04	 4.405212e-04	 4.577927e-04	 4.351084e-04	 4.362376e-04	 4.513713e-04	 4.380991e-04	 4.267860e-04	 4.432838e-04	 4.319918e-04	 4.283743e-04	 4.166651e-04	 4.262826e-04	 4.355228e-04	 4.351494e-04	 4.364143e-04	 4.265607e-04	 4.123907e-04	 4.206073e-04	 4.298724e-04	 4.234360e-04	 4.342705e-04	 4.323157e-04	 4.307932e-04	 4.175860e-04	 4.433554e-04	 4.449470e-04	 4.366174e-04	 4.290518e-04	 4.188307e-04	 4.326493e-04	 4.174192e-04	 4.327608e-04	 4.397301e-04	 4.346937e-04	 4.301173e-04	 4.273748e-04	 4.301154e-04	 4.407599e-04	 4.311606e-04	 4.379438e-04	 4.364425e-04	 4.291195e-04	 4.245449e-04	 4.415136e-04	 4.421325e-04	 4.329149e-04	 4.382431e-04	 4.203810e-04	 4.241208e-04	 4.215678e-04	 4.232624e-04	 4.115281e-04	 4.274961e-04	 4.077988e-04	 4.124044e-04	 4.075985e-04	 4.123231e-04	 4.004835e-04	 4.073340e-04	 4.035797e-04	 4.029368e-04	 3.847016e-04	 3.911622e-04	 3.722604e-04	 3.616948e-04	 3.480847e-04	 3.357113e-04	 3.169983e-04	 2.969330e-04	 2.741920e-04	 2.595492e-04	 2.369554e-04	 1.617273e-03
1.85000	 4.094301e-04	 2.894942e-04	 3.324240e-04	 3.667302e-04	 3.671686e-04	 3.568378e-04	 3.408401e-04	 3.913736e-04	 3.802676e-04	 3.506239e-04	 3.544874e-04	 3.553572e-04	 3.550265e-04	 3.673452e-04	 3.627143e-04	 3.542754e-04	 3.552695e-04	 3.494818e-04	 3.637547e-04	 3.475261e-04	 3.545450e-04	 3.491837e-04	 3.609120e-04	 3.569905e-04	 3.430073e-04	 3.493617e-04	 3.469772e-04	 3.652416e-04	 3.700029e-04	 3.503458e-04	 3.476605e-04	 3.605530e-04	 3.584498e-04	 3.681736e-04	 3.584311e-04	 3.551972e-04	 3.459541e-04	 3.471373e-04	 3.500839e-04	 3.571501e-04	 3.494474e-04	 3.583072e-04	 3.516679e-04	 3.460462e-04	 3.537603e-04	 3.666388e-04	 3.499025e-04	 3.511121e-04	 3.506723e-04	 3.508159e-04	 3.613947e-04	 3.560863e-04	 3.690461e-04	 3.455760e-04	 3.481388e-04	 3.436931e-04	 3.503236e-04	 3.313009e-04	 3.399890e-04	 3.354878e-04	 3.364463e-04	 3.370816e-04	 3.320237e-04	 3.309925e-04	 3.331331e-04	 3.333511e-04	 3.289362e-04	 3.180446e-04	 3.152993e-04	 3.163576e-04	 3.013716e-04	 2.942301e-04	 2.890726e-04	 2.697818e-04	 2.597483e-04	 2.374354e-04	 2.285778e-04	 2.147288e-04	 1.909281e-04	 1.347410e-03
1.95000	 3.380393e-04	 2.350906e-04	 3.171328e-04	 2.793590e-04	 2.684948e-04	 3.379508e-04	 3.060109e-04	 3.052583e-04	 3.034961e-04	 2.814896e-04	 3.035470e-04	 2.859163e-04	 2.977571e-04	 2.997229e-04	 3.106608e-04	 2.859916e-04	 2.838980e-04	 3.036652e-04	 2.978409e-04	 2.801900e-04	 2.882984e-04	 2.942607e-04	 2.817633e-04	 2.783382e-04	 2.900941e-04	 2.886239e-04	 2.801176e-04	 2.892581e-04	 2.933445e-04	 2.787622e-04	 2.742647e-04	 3.008717e-04	 3.066308e-04	 2.807551e-04	 2.827125e-04	 2.839725e-04	 2.877428e-04	 2.880545e-04	 2.799503e-04	 2.878033e-04	 2.840761e-04	 2.888067e-04	 2.819388e-04	 2.975054e-04	 2.942169e-04	 2.943955e-04	 2.973864e-04	 2.894788e-04	 2.903306e-04	 2.880729e-04	 2.932503e-04	 2.918424e-04	 2.877911e-04	 2.818290e-04	 2.800226e-04	 2.880973e-04	 2.805159e-04	 2.804436e-04	 2.803059e-04	 2.851403e-04	 2.738449e-04	 2.845185e-04	 2.743679e-04	 2.831026e-04	 2.723691e-04	 2.632455e-04	 2.705728e-04	 2.620258e-04	 2.545545e-04	 2.532074e-04	 2.493177e-04	 2.388753e-04	 2.316484e-04	 2.166998e-04	 2.046504e-04	 2.015226e-04	 1.879032e-04	 1.650399e-04	 1.544285e-04	 1.138508e-03
2.05000	 2.759796e-04	 2.635511e-04	 2.633389e-04	 2.005025e-04	 2.366959e-04	 2.404553e-04	 2.497871e-04	 2.433958e-04	 2.417672e-04	 2.292112e-04	 2.270474e-04	 2.565027e-04	 2.401487e-04	 2.400868e-04	 2.483371e-04	 2.306458e-04	 2.467511e-04	 2.449937e-04	 2.413424e-04	 2.339037e-04	 2.402031e-04	 2.376374e-04	 2.418973e-04	 2.370853e-04	 2.299609e-04	 2.287062e-04	 2.355885e-04	 2.381480e-04	 2.373000e-04	 2.336032e-04	 2.322342e-04	 2.432966e-04	 2.432406e-04	 2.413051e-04	 2.381776e-04	 2.372641e-04	 2.386978e-04	 2.324370e-04	 2.318879e-04	 2.242376e-04	 2.362883e-04	 2.383240e-04	 2.340342e-04	 2.460491e-04	 2.372976e-04	 2.401128e-04	 2.428688e-04	 2.366924e-04	 2.396647e-04	 2.304958e-04	 2.295711e-04	 2.414376e-04	 2.272317e-04	 2.250018e-04	 2.344038e-04	 2.391966e-04	 2.257591e-04	 2.287817e-04	 2.288459e-04	 2.299474e-04	 2.258245e-04	 2.248530e-04	 2.212898e-04	 2.257927e-04	 2.193224e-04	 2.157031e-04	 2.191477e-04	 2.111615e-04	 2.105711e-04	 2.015991e-04	 2.014253e-04	 1.968916e-04	 1.836705e-04	 1.710682e-04	 1.718868e-04	 1.652894e-04	 1.494421e-04	 1.377573e-04	 1.252492e-04	 9.549308e-04
2.15000	 1.990941e-04	 1.924018e-04	 1.837988e-04	 1.634477e-04	 2.010733e-04	 2.024757e-04	 2.048962e-04	 1.902826e-04	 2.149777e-04	 1.939730e-04	 1.960608e-04	 1.942469e-04	 1.932294e-04	 1.991226e-04	 1.866868e-04	 2.012071e-04	 1.982511e-04	 2.008835e-04	 1.934824e-04	 2.030540e-04	 1.925744e-04	 1.939461e-04	 1.948505e-04	 1.923753e-04	 1.849547e-04	 1.927634e-04	 1.905257e-04	 1.887296e-04	 1.891091e-04	 1.924597e-04	 1.920134e-04	 1.961321e-04	 1.945667e-04	 1.949971e-04	 1.987614e-04	 1.837000e-04	 1.940428e-04	 1.979420e-04	 1.834823e-04	 1.934824e-04	 1.922542e-04	 1.935018e-04	 1.997963e-04	 1.993646e-04	 1.978152e-04	 1.980080e-04	 1.916880e-04	 1.908438e-04	 1.939001e-04	 1.889879e-04	 1.951502e-04	 1.907780e-04	 1.877327e-04	 1.910555e-04	 1.894333e-04	 1.965055e-04	 1.919895e-04	 1.872365e-04	 1.900857e-04	 1.863358e-04	 1.830967e-04	 1.873573e-04	 1.840511e-04	 1.816602e-04	 1.811658e-04	 1.821280e-04	 1.781602e-04	 1.747488e-04	 1.657942e-04	 1.635312e-04	 1.603852e-04	 1.531396e-04	 1.524409e-04	 1.449211e-04	 1.376721e-04	 1.289760e-04	 1.247009e-04	 1.181502e-04	 1.014154e-04	 8.104176e-04
2.25000	 2.122155e-04	 1.828011e-04	 1.788355e-04	 1.701910e-04	 1.672353e-04	 1.670173e-04	 1.568753e-04	 1.653223e-04	 1.554779e-04	 1.482688e-04	 1.565237e-04	 1.533705e-04	 1.570757e-04	 1.607187e-04	 1.526782e-04	 1.696227e-04	 1.621076e-04	 1.658349e-04	 1.577510e-04	 1.607795e-04	 1.634035e-04	 1.525466e-04	 1.476998e-04	 1.616703e-04	 1.562478e-04	 1.475869e-04	 1.589045e-04	 1.550045e-04	 1.564574e-04	 1.568760e-04	 1.513054e-04	 1.519816e-04	 1.594621e-04	 1.620563e-04	 1.637678e-04	 1.582865e-04	 1.608997e-04	 1.552195e-04	 1.556577e-04	 1.599437e-04	 1.591750e-04	 1.549258e-04	 1.602889e-04	 1.618057e-04	 1.587684e-04	 1.584168e-04	 1.626582e-04	 1.524128e-04	 1.502179e-04	 1.500319e-04	 1.639461e-04	 1.590895e-04	 1.561063e-04	 1.570361e-04	 1.548706e-04	 1.568285e-04	 1.582634e-04	 1.570784e-04	 1.518785e-04	 1.517871e-04	 1.487495e-04	 1.516991e-04	 1.449755e-04	 1.473300e-04	 1.479446e-04	 1.456811e-04	 1.429733e-04	 1.459292e-04	 1.377955e-04	 1.399527e-04	 1.290592e-04	 1.247595e-04	 1.224949e-04	 1.161068e-04	 1.108781e-04	 1.051372e-04	 9.898311e-05	 9.136846e-05	 8.265341e-05	 6.756007e-04
2.35000	 1.260865e-04	 1.499415e-04	 1.468481e-04	 1.350912e-04	 1.365233e-04	 1.269994e-04	 1.247103e-04	 1.427217e-04	 1.334634e-04	 1.170506e-04	 1.231632e-04	 1.232691e-04	 1.222837e-04	 1.358729e-04	 1.211055e-04	 1.266443e-04	 1.280885e-04	 1.323741e-04	 1.318456e-04	 1.361527e-04	 1.351699e-04	 1.291660e-04	 1.247503e-04	 1.213770e-04	 1.300044e-04	 1.316079e-04	 1.252408e-04	 1.257070e-04	 1.300087e-04	 1.292717e-04	 1.285311e-04	 1.293444e-04	 1.251486e-04	 1.306263e-04	 1.304676e-04	 1.317358e-04	 1.314831e-04	 1.303779e-04	 1.281797e-04	 1.332009e-04	 1.275061e-04	 1.304108e-04	 1.336513e-04	 1.279221e-04	 1.356242e-04	 1.278616e-04	 1.302429e-04	 1.239702e-04	 1.266312e-04	 1.277458e-04	 1.249836e-04	 1.291545e-04	 1.302438e-04	 1.281892e-04	 1.236466e-04	 1.294213e-04	 1.297602e-04	 1.255306e-04	 1.251207e-04	 1.193043e-04	 1.202995e-04	 1.235732e-04	 1.209672e-04	 1.223537e-04	 1.213554e-04	 1.198144e-04	 1.168148e-04	 1.134265e-04	 1.113647e-04	 1.110464e-04	 1.060374e-04	 1.057740e-04	 9.456835e-05	 9.244901e-05	 8.875980e-05	 8.358079e-05	 8.082457e-05	 7.270127e-05	 7.106514e-05	 5.622005e-04
2.45000	 6.308744e-05	 1.468184e-04	 9.403868e-05	 9.814330e-05	 1.042053e-04	 1.042787e-04	 1.150989e-04	 1.150261e-04	 1.040112e-04	 9.610571e-05	 1.003212e-04	 1.085725e-04	 1.078534e-04	 1.010343e-04	 1.005253e-04	 9.766720e-05	 1.068112e-04	 1.057289e-04	 1.065848e-04	 1.056800e-04	 1.089952e-04	 1.048308e-04	 1.010294e-04	 1.035117e-04	 9.833917e-05	 1.017910e-04	 1.050217e-04	 1.042300e-04	 1.029828e-04	 1.056749e-04	 1.038837e-04	 1.070050e-04	 1.053542e-04	 1.057321e-04	 1.046117e-04	 1.036395e-04	 1.047690e-04	 1.026010e-04	 1.052977e-04	 1.061617e-04	 1.043448e-04	 1.050484e-04	 1.078185e-04	 1.067781e-04	 1.126997e-04	 1.067883e-04	 1.091311e-04	 1.051993e-04	 1.026505e-04	 1.059445e-04	 1.016580e-04	 1.029056e-04	 1.071927e-04	 1.064447e-04	 1.069015e-04	 1.042164e-04	 1.017621e-04	 1.013220e-04	 9.820934e-05	 9.708438e-05	 9.658557e-05	 9.726996e-05	 1.002642e-04	 9.962975e-05	 9.722782e-05	 9.579477e-05	 1.003472e-04	 9.606311e-05	 9.072608e-05	 8.827455e-05	 8.646087e-05	 8.121781e-05	 7.865903e-05	 7.574614e-05	 7.248337e-05	 6.924870e-05	 6.416501e-05	 5.980773e-05	 5.697277e-05	 4.734082e-04
2.55000	 7.348534e-05	 8.576548e-05	 7.631197e-05	 7.453285e-05	 8.764110e-05	 8.406294e-05	 8.851464e-05	 9.012889e-05	 8.579125e-05	 9.445089e-05	 9.620784e-05	 8.536473e-05	 8.408584e-05	 8.972584e-05	 8.780208e-05	 8.786510e-05	 8.710567e-05	 8.642697e-05	 8.758201e-05	 8.847737e-05	 8.825776e-05	 8.616937e-05	 8.452381e-05	 9.170044e-05	 8.800402e-05	 8.055732e-05	 8.202562e-05	 8.380752e-05	 8.322666e-05	 8.655322e-05	 9.315493e-05	 8.779859e-05	 8.848361e-05	 8.984774e-05	 8.613869e-05	 8.420001e-05	 8.439894e-05	 8.667821e-05	 8.421036e-05	 8.510077e-05	 8.320408e-05	 8.758004e-05	 8.735887e-05	 8.935450e-05	 8.618337e-05	 8.662686e-05	 9.083221e-05	 8.997011e-05	 8.707956e-05	 8.605485e-05	 8.360783e-05	 8.467461e-05	 8.350856e-05	 8.711040e-05	 8.561143e-05	 8.784373e-05	 8.232526e-05	 8.406654e-05	 8.290308e-05	 7.902981e-05	 8.556600e-05	 8.294090e-05	 8.429829e-05	 7.768401e-05	 7.684554e-05	 7.826002e-05	 7.802327e-05	 7.619148e-05	 7.392714e-05	 6.980011e-05	 6.853918e-05	 6.839310e-05	 6.491486e-05	 6.239484e-05	 5.936751e-05	 5.621091e-05	 5.344776e-05	 4.871097e-05	 4.590662e-05	 4.025064e-04
2.65000	 7.459488e-05	 7.021234e-05	 7.201924e-05	 6.937740e-05	 6.691892e-05	 7.383722e-05	 7.726982e-05	 6.783382e-05	 7.270085e-05	 7.209156e-05	 7.333487e-05	 6.772758e-05	 6.870457e-05	 6.869446e-05	 7.093120e-05	 7.707423e-05	 7.386547e-05	 7.206251e-05	 6.978228e-05	 6.860848e-05	 7.166948e-05	 6.976050e-05	 7.393018e-05	 7.089966e-05	 6.993308e-05	 7.179101e-05	 6.910191e-05	 6.528232e-05	 6.767776e-05	 6.971393e-05	 7.194567e-05	 6.656820e-05	 7.217257e-05	 7.217132e-05	 6.918903e-05	 7.071571e-05	 6.953005e-05	 6.740468e-05	 6.992466e-05	 7.198950e-05	 7.188856e-05	 7.032080e-05	 6.936655e-05	 7.105806e-05	 7.049106e-05	 6.955933e-05	 7.040472e-05	 6.894862e-05	 6.911312e-05	 6.952786e-05	 6.941399e-05	 7.010001e-05	 6.941156e-05	 7.132322e-05	 6.810443e-05	 7.138083e-05	 6.726762e-05	 6.966359e-05	 6.448157e-05	 7.015798e-05	 6.745361e-05	 6.809615e-05	 6.740978e-05	 6.341184e-05	 6.105929e-05	 6.517832e-05	 6.670701e-05	 6.346396e-05	 6.120136e-05	 5.751044e-05	 5.768379e-05	 5.518834e-05	 5.450111e-05	 5.277517e-05	 4.863461e-05	 4.550075e-05	 4.354821e-05	 3.887346e-05	 3.685116e-05	 3.334661e-04
2.75000	 7.065744e-05	 4.571942e-05	 5.155769e-05	 5.342950e-05	 4.993755e-05	 6.415295e-05	 5.718225e-05	 5.382068e-05	 5.783964e-05	 5.963974e-05	 6.072231e-05	 5.275202e-05	 5.996020e-05	 5.598500e-05	 5.888749e-05	 5.866482e-05	 6.026527e-05	 5.566865e-05	 5.850166e-05	 5.901402e-05	 5.820298e-05	 5.773250e-05	 5.919140e-05	 5.968837e-05	 5.407215e-05	 5.905799e-05	 5.375925e-05	 5.609424e-05	 5.724119e-05	 5.997005e-05	 5.817412e-05	 5.878073e-05	 5.824764e-05	 5.913482e-05	 5.913461e-05	 5.576990e-05	 5.926438e-05	 5.511251e-05	 5.681980e-05	 5.618948e-05	 5.355549e-05	 5.879010e-05	 5.919792e-05	 5.701901e-05	 5.565507e-05	 5.524177e-05	 5.566186e-05	 5.781594e-05	 5.805350e-05	 5.853775e-05	 5.838511e-05	 5.769181e-05	 5.501524e-05	 5.602323e-05	 5.825143e-05	 5.693465e-05	 5.563995e-05	 5.569647e-05	 5.710277e-05	 5.660682e-05	 5.855152e-05	 5.512215e-05	 5.470989e-05	 5.410879e-05	 5.267069e-05	 5.214908e-05	 5.249934e-05	 4.973946e-05	 5.034552e-05	 4.617387e-05	 4.691324e-05	 4.425614e-05	 4.321127e-05	 4.107925e-05	 3.827530e-05	 3.698817e-05	 3.483164e-05	 3.226454e-05	 2.805239e-05	 2.752993e-04
2.85000	 4.524357e-05	 4.082767e-05	 4.677588e-05	 4.536638e-05	 4.499020e-05	 4.681415e-05	 4.491939e-05	 4.338138e-05	 4.811739e-05	 4.753835e-05	 5.240243e-05	 4.798586e-05	 4.789660e-05	 4.825430e-05	 4.708639e-05	 4.862261e-05	 4.632300e-05	 4.533819e-05	 4.681996e-05	 4.416100e-05	 4.443195e-05	 4.813554e-05	 4.641307e-05	 4.662252e-05	 4.489486e-05	 4.798824e-05	 4.816825e-05	 4.928379e-05	 4.802621e-05	 4.624621e-05	 5.151944e-05	 5.148313e-05	 4.751072e-05	 4.821318e-05	 4.734986e-05	 4.516061e-05	 4.669949e-05	 4.775529e-05	 4.922179e-05	 4.733591e-05	 4.855190e-05	 4.833200e-05	 4.761867e-05	 4.810210e-05	 4.598045e-05	 4.493503e-05	 4.647925e-05	 4.481277e-05	 4.743988e-05	 4.679898e-05	 4.813095e-05	 4.698438e-05	 4.508671e-05	 4.540979e-05	 4.569729e-05	 4.615283e-05	 4.602911e-05	 4.540063e-05	 4.577774e-05	 4.699513e-05	 4.616841e-05	 4.450081e-05	 4.608694e-05	 4.340403e-05	 4.286328e-05	 4.189352e-05	 4.121509e-05	 4.144467e-05	 3.793415e-05	 3.821416e-05	 3.727872e-05	 3.565867e-05	 3.521473e-05	 3.212364e-05	 3.193512e-05	 3.014064e-05	 2.721910e-05	 2.614205e-05	 2.465288e-05	 2.286100e-04
2.95000	 2.743389e-05	 3.479995e-05	 2.923626e-05	 3.447718e-05	 3.949060e-05	 4.015678e-05	 3.935134e-05	 3.623409e-05	 3.628261e-05	 3.920436e-05	 3.942759e-05	 3.830261e-05	 3.630708e-05	 4.150986e-05	 4.031128e-05	 3.964915e-05	 3.913349e-05	 4.037221e-05	 3.874665e-05	 4.025740e-05	 3.893983e-05	 4.112783e-05	 3.759750e-05	 3.678371e-05	 3.629486e-05	 3.708754e-05	 3.937260e-05	 4.063049e-05	 3.986954e-05	 3.865780e-05	 3.799339e-05	 4.041379e-05	 3.829481e-05	 3.802916e-05	 3.752058e-05	 3.760385e-05	 3.897747e-05	 3.783999e-05	 3.923538e-05	 3.818126e-05	 3.472602e-05	 3.579505e-05	 3.773835e-05	 3.844131e-05	 3.885098e-05	 3.958044e-05	 4.032368e-05	 3.745512e-05	 3.812111e-05	 3.893558e-05	 3.887928e-05	 3.864009e-05	 3.692911e-05	 3.826018e-05	 3.805743e-05	 3.740817e-05	 3.676797e-05	 3.649785e-05	 3.692945e-05	 3.770389e-05	 3.828383e-05	 3.718822e-05	 3.574038e-05	 3.555659e-05	 3.450165e-05	 3.400624e-05	 3.364568e-05	 3.359451e-05	 3.083707e-05	 3.065844e-05	 3.026121e-05	 2.854562e-05	 2.920935e-05	 2.771297e-05	 2.595694e-05	 2.543244e-05	 2.311892e-05	 2.263456e-05	 1.926541e-05	 1.892158e-04
3.05000	 2.521875e-05	 2.980345e-05	 3.305259e-05	 2.438719e-05	 2.648956e-05	 3.789599e-05	 2.791748e-05	 3.027505e-05	 2.955302e-05	 2.933433e-05	 3.395742e-05	 3.002756e-05	 3.323571e-05	 3.015446e-05	 3.102482e-05	 3.061061e-05	 3.577552e-05	 3.288568e-05	 2.986014e-05	 3.054182e-05	 3.200085e-05	 3.244648e-05	 3.170759e-05	 3.072265e-05	 3.342133e-05	 2.937478e-05	 3.274485e-05	 3.134758e-05	 3.233450e-05	 3.017756e-05	 3.119788e-05	 3.311178e-05	 3.179192e-05	 3.207080e-05	 3.226579e-05	 3.210725e-05	 3.106912e-05	 3.286903e-05	 3.094256e-05	 3.266850e-05	 3.004699e-05	 3.119822e-05	 3.137130e-05	 3.095638e-05	 3.399537e-05	 3.263275e-05	 3.245213e-05	 2.995138e-05	 3.096125e-05	 3.110543e-05	 3.230306e-05	 3.095481e-05	 3.121756e-05	 3.135103e-05	 3.096528e-05	 2.991203e-05	 2.876236e-05	 2.855476e-05	 3.029073e-05	 3.246977e-05	 3.182970e-05	 3.102527e-05	 3.161609e-05	 2.864826e-05	 2.778329e-05	 2.756433e-05	 2.652126e-05	 2.650192e-05	 2.649374e-05	 2.416147e-05	 2.407103e-05	 2.261699e-05	 2.188731e-05	 2.224172e-05	 2.111548e-05	 2.075617e-05	 1.908769e-05	 1.753177e-05	 1.681548e-05	 1.578629e-04
3.15000	 2.415324e-05	 2.267481e-05	 2.344675e-05	 1.937847e-05	 2.223018e-05	 3.019988e-05	 3.340835e-05	 2.873591e-05	 2.834566e-05	 2.640380e-05	 2.501200e-05	 2.593909e-05	 2.263963e-05	 2.802540e-05	 2.695684e-05	 2.680588e-05	 2.955108e-05	 2.586913e-05	 2.810809e-05	 2.656627e-05	 2.678343e-05	 2.597859e-05	 2.786817e-05	 2.709395e-05	 2.554072e-05	 2.517311e-05	 2.382898e-05	 2.750751e-05	 2.642548e-05	 2.535065e-05	 2.334019e-05	 2.593416e-05	 2.611968e-05	 2.590719e-05	 2.534124e-05	 2.511007e-05	 2.556478e-05	 2.623546e-05	 2.673479e-05	 2.713516e-05	 2.558845e-05	 2.415740e-05	 2.635026e-05	 2.602909e-05	 2.708799e-05	 2.604725e-05	 2.637481e-05	 2.563674e-05	 2.564628e-05	 2.518864e-05	 2.487249e-05	 2.469688e-05	 2.512044e-05	 2.542438e-05	 2.402546e-05	 2.485810e-05	 2.461688e-05	 2.435683e-05	 2.546516e-05	 2.532197e-05	 2.451084e-05	 2.360776e-05	 2.262297e-05	 2.353057e-05	 2.317919e-05	 2.454487e-05	 2.301006e-05	 2.184844e-05	 2.087637e-05	 1.986045e-05	 1.917966e-05	 1.849596e-05	 1.858460e-05	 1.769259e-05	 1.675259e-05	 1.687976e-05	 1.512491e-05	 1.460131e-05	 1.364574e-05	 1.299654e-04
3.25000	 1.530711e-05	 2.233993e-05	 1.947237e-05	 1.966185e-05	 2.087742e-05	 2.204880e-05	 2.402307e-05	 2.444219e-05	 2.614831e-05	 2.205093e-05	 2.196168e-05	 2.363630e-05	 2.000262e-05	 2.161514e-05	 2.212679e-05	 2.156309e-05	 2.237317e-05	 2.195820e-05	 2.189657e-05	 1.972841e-05	 2.093017e-05	 1.979280e-05	 2.164409e-05	 2.352643e-05	 2.153321e-05	 2.094664e-05	 2.113519e-05	 2.293854e-05	 2.234337e-05	 2.121438e-05	 2.253058e-05	 2.100496e-05	 2.271058e-05	 2.175945e-05	 2.114375e-05	 2.162440e-05	 1.944681e-05	 1.978926e-05	 2.074634e-05	 2.232417e-05	 2.125122e-05	 2.094465e-05	 2.197176e-05	 2.066979e-05	 2.185813e-05	 2.230876e-05	 2.037275e-05	 2.130919e-05	 2.152795e-05	 2.086827e-05	 2.172883e-05	 1.898832e-05	 2.140953e-05	 2.043375e-05	 1.988119e-05	 2.068014e-05	 2.002936e-05	 2.090620e-05	 2.015792e-05	 2.005391e-05	 2.032211e-05	 1.940859e-05	 2.027780e-05	 1.896633e-05	 1.921382e-05	 1.866194e-05	 1.927033e-05	 1.757957e-05	 1.672485e-05	 1.698180e-05	 1.608929e-05	 1.484355e-05	 1.507637e-05	 1.530824e-05	 1.481889e-05	 1.305183e-05	 1.333166e-05	 1.200640e-05	 1.112946e-05	 1.078140e-04
3.35000	 1.266860e-05	 1.770506e-05	 1.843998e-05	 1.195938e-05	 1.693941e-05	 1.824234e-05	 1.799488e-05	 1.851150e-05	 2.041187e-05	 2.012681e-05	 2.014633e-05	 1.852191e-05	 1.603660e-05	 1.814872e-05	 1.657037e-05	 1.780599e-05	 1.707866e-05	 1.866166e-05	 1.603812e-05	 1.665957e-05	 1.713888e-05	 1.682911e-05	 1.770943e-05	 1.838013e-05	 1.679647e-05	 1.732937e-05	 1.853714e-05	 1.830051e-05	 1.932617e-05	 1.861395e-05	 1.730377e-05	 1.730641e-05	 1.780725e-05	 1.790968e-05	 1.629539e-05	 1.651633e-05	 1.639072e-05	 1.736573e-05	 1.787349e-05	 1.772707e-05	 1.800755e-05	 1.701902e-05	 1.690534e-05	 1.790993e-05	 1.717067e-05	 1.727111e-05	 1.769793e-05	 1.659456e-05	 1.657017e-05	 1.627814e-05	 1.657955e-05	 1.641307e-05	 1.696304e-05	 1.666800e-05	 1.629691e-05	 1.623045e-05	 1.700117e-05	 1.651221e-05	 1.644901e-05	 1.573642e-05	 1.670407e-05	 1.620176e-05	 1.615454e-05	 1.618600e-05	 1.638813e-05	 1.517233e-05	 1.434951e-05	 1.373082e-05	 1.351558e-05	 1.297702e-05	 1.305226e-05	 1.240568e-05	 1.208593e-05	 1.180465e-05	 1.088322e-05	 1.044473e-05	 1.057277e-05	 9.887403e-06	 9.543394e-06	 9.090011e-05
3.45000	 1.009508e-05	 1.164475e-05	 1.475102e-05	 1.375532e-05	 1.420553e-05	 1.569615e-05	 1.372362e-05	 1.514968e-05	 1.659855e-05	 1.833371e-05	 1.762741e-05	 1.519061e-05	 1.501332e-05	 1.253933e-05	 1.332707e-05	 1.453484e-05	 1.179800e-05	 1.456057e-05	 1.393773e-05	 1.433245e-05	 1.312715e-05	 1.379259e-05	 1.402382e-05	 1.313978e-05	 1.257522e-05	 1.366957e-05	 1.369780e-05	 1.425766e-05	 1.473038e-05	 1.334188e-05	 1.422964e-05	 1.492769e-05	 1.375171e-05	 1.410294e-05	 1.303513e-05	 1.413777e-05	 1.317734e-05	 1.468001e-05	 1.415873e-05	 1.459749e-05	 1.477200e-05	 1.355522e-05	 1.437496e-05	 1.386022e-05	 1.441952e-05	 1.378540e-05	 1.504282e-05	 1.425133e-05	 1.387614e-05	 1.277628e-05	 1.424947e-05	 1.458002e-05	 1.349914e-05	 1.343080e-05	 1.357318e-05	 1.300006e-05	 1.419747e-05	 1.356035e-05	 1.360207e-05	 1.344875e-05	 1.345402e-05	 1.361205e-05	 1.379924e-05	 1.385370e-05	 1.317281e-05	 1.208588e-05	 1.226858e-05	 1.141128e-05	 1.159323e-05	 1.092397e-05	 1.123163e-05	 1.030349e-05	 9.748335e-06	 1.010598e-05	 8.982217e-06	 8.407202e-06	 8.140962e-06	 8.113118e-06	 7.859948e-06	 7.601235e-05
3.55000	 1.213531e-05	 8.567316e-06	 1.223746e-05	 1.151576e-05	 1.347261e-05	 9.886369e-06	 1.126765e-05	 1.070021e-05	 1.204669e-05	 1.359899e-05	 1.154119e-05	 1.231284e-05	 1.055696e-05	 1.171852e-05	 1.088408e-05	 1.217228e-05	 1.106738e-05	 1.097670e-05	 1.155952e-05	 1.103860e-05	 1.030098e-05	 1.033984e-05	 1.159742e-05	 1.075824e-05	 1.179234e-05	 1.213884e-05	 1.121209e-05	 1.116224e-05	 1.183118e-05	 1.211995e-05	 1.209365e-05	 1.278117e-05	 1.218111e-05	 1.088860e-05	 1.138091e-05	 1.138861e-05	 1.112085e-05	 1.101159e-05	 1.128647e-05	 1.164615e-05	 1.149541e-05	 1.143058e-05	 1.168165e-05	 1.101793e-05	 1.127241e-05	 1.193648e-05	 1.176689e-05	 1.196301e-05	 1.164907e-05	 9.997893e-06	 1.171345e-05	 1.207368e-05	 1.097505e-05	 1.080227e-05	 1.196263e-05	 1.138430e-05	 1.109652e-05	 1.134471e-05	 1.118804e-05	 1.056002e-05	 1.104301e-05	 1.124872e-05	 1.057318e-05	 1.096584e-05	 1.027029e-05	 1.010992e-05	 9.615765e-06	 8.894255e-06	 9.006012e-06	 8.768904e-06	 8.908844e-06	 8.291458e-06	 7.996688e-06	 7.977335e-06	 7.626337e-06	 7.214505e-06	 6.629655e-06	 6.036211e-06	 6.386359e-06	 6.211998e-05
3.65000	 5.427048e-06	 8.322070e-06	 9.962496e-06	 9.691914e-06	 9.332667e-06	 1.082030e-05	 9.097583e-06	 8.633840e-06	 9.164064e-06	 1.010154e-05	 1.090858e-05	 9.392013e-06	 9.417335e-06	 9.869622e-06	 8.632578e-06	 9.406820e-06	 9.888381e-06	 1.001677e-05	 9.944190e-06	 9.328733e-06	 8.467364e-06	 9.633783e-06	 9.067844e-06	 9.559568e-06	 9.278628e-06	 9.506802e-06	 9.411639e-06	 8.996841e-06	 9.106398e-06	 9.341039e-06	 9.504553e-06	 1.033121e-05	 9.926535e-06	 1.001175e-05	 9.447200e-06	 9.966050e-06	 9.790512e-06	 9.762877e-06	 1.010197e-05	 8.842494e-06	 9.403985e-06	 9.620984e-06	 9.119604e-06	 8.945141e-06	 9.172918e-06	 9.517487e-06	 1.009986e-05	 8.966164e-06	 9.452317e-06	 8.362345e-06	 8.959697e-06	 9.179715e-06	 9.044638e-06	 8.798248e-06	 8.877096e-06	 8.709319e-06	 8.796489e-06	 8.618262e-06	 8.914880e-06	 8.926275e-06	 8.287212e-06	 8.956379e-06	 8.713206e-06	 8.579969e-06	 8.213383e-06	 7.532795e-06	 8.133602e-06	 7.262787e-06	 7.397828e-06	 7.439451e-06	 7.224836e-06	 7.603894e-06	 6.981091e-06	 6.446794e-06	 6.170383e-06	 5.573152e-06	 5.376152e-06	 5.004474e-06	 4.596294e-06	 5.222652e-05
3.75000	 5.883027e-06	 6.155143e-06	 8.827464e-06	 1.097906e-05	 1.082827e-05	 7.743455e-06	 9.557293e-06	 6.944614e-06	 6.917655e-06	 7.121413e-06	 9.155662e-06	 7.717361e-06	 7.247355e-06	 8.228190e-06	 8.542910e-06	 8.327663e-06	 9.304721e-06	 7.785842e-06	 8.030598e-06	 7.615112e-06	 7.475246e-06	 6.741761e-06	 7.072517e-06	 7.633026e-06	 7.938870e-06	 7.302108e-06	 8.254221e-06	 8.211722e-06	 7.458856e-06	 8.592551e-06	 8.469864e-06	 8.053226e-06	 8.601765e-06	 7.956816e-06	 7.599045e-06	 7.418523e-06	 7.193485e-06	 7.749802e-06	 7.424434e-06	 7.952727e-06	 8.233032e-06	 7.629010e-06	 7.406581e-06	 7.612599e-06	 7.911858e-06	 7.800113e-06	 8.122768e-06	 7.531667e-06	 7.014946e-06	 7.204520e-06	 7.223555e-06	 7.604436e-06	 7.699073e-06	 7.283468e-06	 7.149453e-06	 6.779656e-06	 6.833243e-06	 7.104782e-06	 7.154590e-06	 6.674868e-06	 7.276842e-06	 7.449489e-06	 7.402126e-06	 6.844674e-06	 6.554151e-06	 6.542798e-06	 6.137143e-06	 6.341006e-06	 6.133769e-06	 6.112318e-06	 5.864299e-06	 5.867344e-06	 4.842248e-06	 5.418251e-06	 5.108784e-06	 4.683520e-06	 4.468269e-06	 3.879041e-06	 3.607415e-06	 4.329962e-05
3.85000	 5.362743e-06	 4.388230e-06	 9.237684e-06	 8.916147e-06	 8.867393e-06	 6.391147e-06	 6.516215e-06	 7.222902e-06	 7.253024e-06	 6.430880e-06	 5.609148e-06	 7.158181e-06	 6.423325e-06	 6.111463e-06	 6.212609e-06	 6.249910e-06	 7.376418e-06	 6.772007e-06	 6.203429e-06	 5.651369e-06	 6.212071e-06	 6.514855e-06	 6.157025e-06	 5.789481e-06	 5.944925e-06	 6.575720e-06	 6.320666e-06	 6.248546e-06	 5.984730e-06	 6.966477e-06	 6.508421e-06	 6.711494e-06	 6.590842e-06	 5.932386e-06	 5.425613e-06	 6.119941e-06	 6.135081e-06	 6.387558e-06	 6.310918e-06	 6.563275e-06	 6.684843e-06	 6.613196e-06	 6.592856e-06	 6.287776e-06	 6.271128e-06	 6.339692e-06	 6.066881e-06	 5.815697e-06	 5.906218e-06	 5.582404e-06	 6.167629e-06	 6.387256e-06	 6.049044e-06	 6.247027e-06	 5.741353e-06	 5.623096e-06	 5.783570e-06	 5.592947e-06	 6.050619e-06	 5.857915e-06	 5.847528e-06	 5.918832e-06	 6.111441e-06	 6.011574e-06	 5.499616e-06	 5.151016e-06	 5.031292e-06	 5.368017e-06	 5.102000e-06	 5.288638e-06	 4.800392e-06	 4.535058e-06	 4.161211e-06	 4.086000e-06	 3.912917e-06	 3.970943e-06	 3.627836e-06	 3.328488e-06	 3.361557e-06	 3.492494e-05
3.95000	 2.693138e-06	 5.477091e-06	 5.613114e-06	 4.395371e-06	 5.337534e-06	 6.128574e-06	 5.134787e-06	 4.526810e-06	 5.062841e-06	 4.437702e-06	 4.954441e-06	 5.799739e-06	 5.021134e-06	 5.007313e-06	 5.125655e-06	 5.116905e-06	 5.389104e-06	 5.012095e-06	 4.899652e-06	 3.830593e-06	 4.863181e-06	 5.167779e-06	 4.886534e-06	 5.464148e-06	 4.773722e-06	 5.122765e-06	 5.025592e-06	 5.210939e-06	 5.471869e-06	 5.819617e-06	 5.480777e-06	 5.080690e-06	 5.320368e-06	 4.991221e-06	 5.112410e-06	 4.847251e-06	 4.969563e-06	 5.636551e-06	 6.114876e-06	 5.297247e-06	 5.691152e-06	 5.177451e-06	 5.596952e-06	 5.200232e-06	 5.159284e-06	 4.841605e-06	 4.959162e-06	 5.430219e-06	 5.043318e-06	 5.110400e-06	 5.082805e-06	 4.570206e-06	 4.564267e-06	 5.282461e-06	 4.545625e-06	 4.747525e-06	 4.465813e-06	 4.584223e-06	 5.020520e-06	 4.882400e-06	 4.963429e-06	 4.651019e-06	 4.414847e-06	 4.784608e-06	 4.790951e-06	 4.694915e-06	 4.290243e-06	 4.234588e-06	 4.372773e-06	 4.146668e-06	 3.858280e-06	 3.985264e-06	 3.517015e-06	 3.359508e-06	 3.257516e-06	 3.142802e-06	 2.867470e-06	 2.877334e-06	 2.688213e-06	 2.916047e-05
4.05000	 6.965763e-06	 4.175205e-06	 4.265644e-06	 3.917628e-06	 5.891533e-06	 4.486858e-06	 4.528318e-06	 3.772093e-06	 3.504813e-06	 3.975095e-06	 4.842951e-06	 4.693302e-06	 4.407294e-06	 3.905045e-06	 5.028261e-06	 4.453128e-06	 4.601704e-06	 4.757199e-06	 4.222362e-06	 3.393523e-06	 4.043427e-06	 4.569369e-06	 4.039040e-06	 4.236865e-06	 4.101245e-06	 4.247767e-06	 4.505979e-06	 4.460829e-06	 4.241415e-06	 4.270695e-06	 4.098963e-06	 4.239787e-06	 4.310225e-06	 4.632699e-06	 4.095623e-06	 4.151059e-06	 4.068468e-06	 4.626348e-06	 5.218122e-06	 4.545007e-06	 4.501712e-06	 4.580841e-06	 4.348599e-06	 4.195660e-06	 4.103324e-06	 3.934816e-06	 4.202392e-06	 4.298982e-06	 4.380646e-06	 4.350415e-06	 4.123648e-06	 3.768057e-06	 4.024868e-06	 4.135719e-06	 3.888642e-06	 3.938217e-06	 3.957619e-06	 3.620644e-06	 3.908263e-06	 3.695931e-06	 4.241657e-06	 3.800927e-06	 3.755171e-06	 3.886859e-06	 3.975758e-06	 3.574089e-06	 3.321695e-06	 3.328118e-06	 3.434417e-06	 3.444273e-06	 3.226021e-06	 2.952946e-06	 2.858699e-06	 2.706167e-06	 2.669929e-06	 2.535945e-06	 2.276522e-06	 2.265642e-06	 2.003301e-06	 2.408814e-05
4.15000	 2.705829e-06	 2.691863e-06	 2.040979e-06	 3.430449e-06	 3.047692e-06	 4.409777e-06	 3.037014e-06	 3.346436e-06	 2.956556e-06	 3.303153e-06	 3.344171e-06	 4.071069e-06	 3.273730e-06	 3.988041e-06	 3.497707e-06	 3.666512e-06	 3.853751e-06	 3.508115e-06	 3.781416e-06	 3.178556e-06	 3.844759e-06	 3.830567e-06	 3.588013e-06	 3.359020e-06	 3.421502e-06	 3.541412e-06	 3.357678e-06	 3.273959e-06	 3.471759e-06	 3.655519e-06	 3.576553e-06	 3.431403e-06	 3.259429e-06	 3.781694e-06	 3.136133e-06	 3.372397e-06	 3.700566e-06	 3.804489e-06	 3.768191e-06	 3.757923e-06	 3.250709e-06	 3.455158e-06	 4.194222e-06	 3.358151e-06	 3.376713e-06	 3.477500e-06	 3.217786e-06	 3.274555e-06	 3.312404e-06	 3.617352e-06	 3.406395e-06	 3.544398e-06	 3.191030e-06	 3.140243e-06	 3.226086e-06	 3.163824e-06	 3.213386e-06	 3.302414e-06	 3.404809e-06	 3.293032e-06	 3.258481e-06	 3.008524e-06	 2.901013e-06	 3.219272e-06	 3.046693e-06	 3.116107e-06	 2.744534e-06	 2.999458e-06	 2.810876e-06	 2.761926e-06	 2.547064e-06	 2.348510e-06	 2.274369e-06	 2.085934e-06	 2.219887e-06	 1.934867e-06	 1.791380e-06	 1.776556e-06	 1.867668e-06	 2.006816e-05
4.25000	 1.771335e-06	 2.502406e-06	 2.698586e-06	 2.305790e-06	 3.228751e-06	 3.767956e-06	 1.949063e-06	 2.641654e-06	 2.675200e-06	 2.417469e-06	 2.809689e-06	 3.107683e-06	 2.709974e-06	 3.070272e-06	 3.219714e-06	 2.978445e-06	 2.525900e-06	 2.573725e-06	 2.887451e-06	 2.749573e-06	 3.350246e-06	 3.470071e-06	 2.588714e-06	 2.856957e-06	 2.895962e-06	 2.665587e-06	 2.565801e-06	 2.961564e-06	 2.756658e-06	 2.665099e-06	 2.781149e-06	 2.798952e-06	 2.785648e-06	 3.007726e-06	 2.884535e-06	 2.640448e-06	 2.592946e-06	 2.765490e-06	 3.519618e-06	 3.027348e-06	 3.103825e-06	 2.834671e-06	 2.816026e-06	 2.823819e-06	 2.701390e-06	 2.913018e-06	 2.738917e-06	 2.603550e-06	 2.800597e-06	 2.729101e-06	 2.708014e-06	 2.675612e-06	 2.647391e-06	 2.451040e-06	 2.514809e-06	 2.575923e-06	 2.626478e-06	 2.474505e-06	 2.752194e-06	 2.572123e-06	 2.812946e-06	 2.399638e-06	 2.345484e-06	 2.536120e-06	 2.587979e-06	 2.545965e-06	 2.292404e-06	 2.379462e-06	 2.229128e-06	 2.008581e-06	 2.133962e-06	 2.033010e-06	 1.810641e-06	 1.864253e-06	 1.805732e-06	 1.543007e-06	 1.599372e-06	 1.468372e-06	 1.542580e-06	 1.644323e-05
4.35000	 1.606644e-06	 1.410839e-06	 1.973995e-06	 2.696601e-06	 2.332809e-06	 2.746976e-06	 2.294418e-06	 3.022957e-06	 1.985452e-06	 2.447156e-06	 2.392961e-06	 2.248047e-06	 2.192777e-06	 2.130734e-06	 2.545517e-06	 2.545432e-06	 2.209430e-06	 2.281732e-06	 2.500782e-06	 2.314060e-06	 2.463039e-06	 2.486275e-06	 2.431909e-06	 2.457464e-06	 2.236008e-06	 2.006809e-06	 2.118353e-06	 2.532121e-06	 2.330984e-06	 2.363843e-06	 2.105237e-06	 2.425962e-06	 2.252241e-06	 2.371113e-06	 2.300688e-06	 2.131464e-06	 2.619678e-06	 2.111268e-06	 2.376620e-06	 2.583871e-06	 2.209209e-06	 2.239179e-06	 2.413809e-06	 2.242843e-06	 2.251155e-06	 2.324758e-06	 2.143391e-06	 2.399833e-06	 2.637027e-06	 2.343823e-06	 2.362349e-06	 2.127091e-06	 2.107888e-06	 1.883680e-06	 2.223228e-06	 2.150898e-06	 2.187321e-06	 2.283945e-06	 2.104510e-06	 2.193093e-06	 2.138239e-06	 2.077634e-06	 1.788733e-06	 2.079223e-06	 2.089796e-06	 1.957376e-06	 1.995478e-06	 1.891464e-06	 1.797952e-06	 1.538469e-06	 1.837251e-06	 1.514033e-06	 1.482396e-06	 1.381285e-06	 1.400281e-06	 1.346008e-06	 1.263667e-06	 1.258963e-06	 1.119824e-06	 1.366180e-05
4.45000	 9.143867e-07	 2.546882e-06	 1.839598e-06	 2.523272e-06	 2.052498e-06	 1.948765e-06	 1.826400e-06	 2.024788e-06	 1.611948e-06	 1.694211e-06	 2.210914e-06	 1.737019e-06	 1.804238e-06	 1.764109e-06	 2.020937e-06	 2.049474e-06	 2.016328e-06	 1.739662e-06	 1.878575e-06	 1.754844e-06	 1.885290e-06	 1.758886e-06	 1.842908e-06	 1.958935e-06	 1.814081e-06	 1.663645e-06	 1.661863e-06	 2.041545e-06	 1.901530e-06	 1.866990e-06	 1.902799e-06	 2.006760e-06	 1.675267e-06	 1.925435e-06	 1.829593e-06	 1.681451e-06	 1.915453e-06	 1.713329e-06	 2.037119e-06	 1.938662e-06	 2.008749e-06	 2.097827e-06	 2.004353e-06	 1.950975e-06	 1.912954e-06	 1.945168e-06	 1.980558e-06	 1.867181e-06	 1.780399e-06	 1.641932e-06	 1.954115e-06	 1.657520e-06	 1.748609e-06	 1.598220e-06	 1.765432e-06	 1.753383e-06	 1.652982e-06	 1.705998e-06	 1.631572e-06	 1.501485e-06	 1.776392e-06	 1.789325e-06	 1.518326e-06	 1.538982e-06	 1.754292e-06	 1.499293e-06	 1.566638e-06	 1.627866e-06	 1.447161e-06	 1.427952e-06	 1.442110e-06	 1.300273e-06	 1.189386e-06	 1.110712e-06	 1.110737e-06	 9.789373e-07	 1.075030e-06	 1.034090e-06	 7.885886e-07	 1.134883e-05
4.55000	 1.978317e-06	 2.210258e-06	 1.624832e-06	 2.017495e-06	 1.759894e-06	 1.005001e-06	 1.527033e-06	 1.846582e-06	 1.941184e-06	 1.859077e-06	 2.017695e-06	 1.246206e-06	 1.470535e-06	 1.976671e-06	 1.240086e-06	 1.772286e-06	 1.361050e-06	 1.653313e-06	 1.524488e-06	 1.539186e-06	 1.295347e-06	 1.701335e-06	 1.540938e-06	 1.665190e-06	 1.424865e-06	 1.438804e-06	 1.576622e-06	 1.518876e-06	 1.406957e-06	 1.418966e-06	 1.415288e-06	 1.689191e-06	 1.498853e-06	 1.588216e-06	 1.341564e-06	 1.520406e-06	 1.559799e-06	 1.585737e-06	 1.644859e-06	 1.446345e-06	 1.573204e-06	 1.679529e-06	 1.708949e-06	 1.703705e-06	 1.568455e-06	 1.570560e-06	 1.575545e-06	 1.577218e-06	 1.581996e-06	 1.491271e-06	 1.465218e-06	 1.567321e-06	 1.256798e-06	 1.325237e-06	 1.469748e-06	 1.346370e-06	 1.331345e-06	 1.437849e-06	 1.535670e-06	 1.418197e-06	 1.315522e-06	 1.141153e-06	 1.290153e-06	 1.287200e-06	 1.449239e-06	 1.176083e-06	 1.328096e-06	 1.175491e-06	 1.350850e-06	 1.214171e-06	 1.243128e-06	 1.132347e-06	 9.932865e-07	 1.143039e-06	 9.635146e-07	 8.964822e-07	 8.917401e-07	 7.373572e-07	 7.018360e-07	 9.313978e-06
4.65000	 1.174809e-06	 1.635574e-06	 1.729430e-06	 9.106789e-07	 1.062064e-06	 1.187761e-06	 9.696191e-07	 1.238649e-06	 1.720441e-06	 1.354006e-06	 1.194390e-06	 1.101156e-06	 1.497560e-06	 1.658813e-06	 1.316608e-06	 1.489007e-06	 1.073083e-06	 1.411056e-06	 1.201585e-06	 1.466446e-06	 1.066072e-06	 1.258965e-06	 1.440817e-06	 1.138752e-06	 1.235949e-06	 1.343641e-06	 1.160502e-06	 1.274117e-06	 1.193722e-06	 1.288949e-06	 1.334972e-06	 1.337574e-06	 1.315932e-06	 1.240607e-06	 1.240239e-06	 1.200547e-06	 1.395765e-06	 1.280366e-06	 1.132216e-06	 1.456690e-06	 1.347828e-06	 1.222608e-06	 1.363763e-06	 1.395719e-06	 1.293474e-06	 1.286507e-06	 1.291709e-06	 1.266573e-06	 1.211449e-06	 1.433003e-06	 1.169963e-06	 1.170119e-06	 1.193208e-06	 1.168456e-06	 1.192531e-06	 1.022872e-06	 1.122145e-06	 1.160341e-06	 1.136292e-06	 1.112095e-06	 1.159627e-06	 1.061507e-06	 1.000937e-06	 9.546396e-07	 1.105271e-06	 9.991124e-07	 1.038081e-06	 9.987378e-07	 9.340794e-07	 9.821430e-07	 8.670016e-07	 8.745695e-07	 8.024289e-07	 8.475188e-07	 7.686555e-07	 7.387457e-07	 6.869749e-07	 7.304871e-07	 6.287194e-07	 8.046100e-06
4.75000	 1.772373e-06	 1.681744e-06	 1.163212e-06	 6.904311e-07	 1.049120e-06	 1.138122e-06	 9.607569e-07	 1.190758e-06	 1.326399e-06	 9.713054e-07	 1.222040e-06	 1.332067e-06	 1.237973e-06	 1.062926e-06	 1.002065e-06	 1.054053e-06	 1.125837e-06	 1.410941e-06	 1.001878e-06	 1.136451e-06	 1.017141e-06	 9.910846e-07	 9.505657e-07	 1.030185e-06	 9.760451e-07	 9.266368e-07	 1.177979e-06	 1.025867e-06	 1.066932e-06	 1.103285e-06	 1.090398e-06	 1.029009e-06	 1.058500e-06	 9.898119e-07	 9.789593e-07	 1.101215e-06	 1.110198e-06	 1.104279e-06	 1.142621e-06	 8.920959e-07	 1.100024e-06	 1.097629e-06	 1.072930e-06	 1.241188e-06	 1.077617e-06	 9.920531e-07	 1.013450e-06	 8.930679e-07	 1.121424e-06	 1.022672e-06	 9.634893e-07	 1.069996e-06	 9.048044e-07	 9.607924e-07	 9.311891e-07	 9.701532e-07	 9.447599e-07	 9.803035e-07	 9.632014e-07	 8.873311e-07	 9.847042e-07	 8.477409e-07	 7.443671e-07	 8.589969e-07	 8.362991e-07	 7.880283e-07	 7.895571e-07	 6.658982e-07	 8.066796e-07	 7.762062e-07	 7.501913e-07	 8.220249e-07	 6.422511e-07	 6.039687e-07	 5.989346e-07	 6.431211e-07	 5.557691e-07	 5.836122e-07	 5.026599e-07	 6.847535e-06
4.85000	 2.600301e-08	 1.265198e-06	 7.476880e-07	 5.965439e-07	 8.250941e-07	 7.896775e-07	 5.874269e-07	 1.013381e-06	 1.060333e-06	 8.966442e-07	 9.467775e-07	 1.104584e-06	 1.008364e-06	 7.620017e-07	 7.571769e-07	 1.338791e-06	 1.044274e-06	 7.627136e-07	 8.498557e-07	 8.355153e-07	 8.395792e-07	 8.362309e-07	 7.588312e-07	 9.777008e-07	 9.896265e-07	 7.453419e-07	 8.514473e-07	 8.741524e-07	 9.323908e-07	 9.298301e-07	 8.271586e-07	 8.504306e-07	 8.047244e-07	 7.853812e-07	 8.944053e-07	 9.074106e-07	 1.029232e-06	 8.627909e-07	 9.082562e-07	 8.378434e-07	 9.064083e-07	 8.438974e-07	 1.016412e-06	 1.061726e-06	 9.433914e-07	 9.247243e-07	 7.153911e-07	 7.709462e-07	 8.038364e-07	 8.394353e-07	 7.844636e-07	 8.256158e-07	 7.697965e-07	 8.380356e-07	 7.957160e-07	 7.984962e-07	 7.146235e-07	 8.157753e-07	 7.381492e-07	 7.580748e-07	 7.764691e-07	 7.198675e-07	 7.173032e-07	 7.431437e-07	 6.659295e-07	 6.125772e-07	 6.196489e-07	 6.675353e-07	 7.019765e-07	 6.174976e-07	 5.769587e-07	 7.346926e-07	 6.140945e-07	 5.388212e-07	 5.209551e-07	 5.120196e-07	 5.039176e-07	 4.699535e-07	 4.430444e-07	 5.732569e-06
4.95000	 4.015546e-07	 5.689741e-07	 8.251070e-07	 4.289526e-07	 6.820000e-07	 8.744713e-07	 4.715269e-07	 7.566585e-07	 7.118720e-07	 1.020847e-06	 7.155132e-07	 1.050954e-06	 7.075564e-07	 5.889547e-07	 7.185622e-07	 6.789805e-07	 7.375648e-07	 8.518941e-07	 6.743344e-07	 6.624364e-07	 5.078361e-07	 6.661945e-07	 6.966873e-07	 8.160411e-07	 8.248976e-07	 6.826593e-07	 7.331096e-07	 7.499474e-07	 7.983570e-07	 7.135172e-07	 7.549382e-07	 6.497325e-07	 6.647740e-07	 6.326659e-07	 7.684954e-07	 8.042089e-07	 7.654659e-07	 7.698503e-07	 7.476463e-07	 6.384400e-07	 6.983032e-07	 7.130472e-07	 7.037998e-07	 6.573091e-07	 7.080570e-07	 6.695031e-07	 6.767120e-07	 7.428562e-07	 6.851396e-07	 7.354893e-07	 7.463494e-07	 6.468510e-07	 6.779268e-07	 6.418524e-07	 6.794137e-07	 7.401224e-07	 6.924578e-07	 6.455016e-07	 5.907960e-07	 6.765383e-07	 5.806346e-07	 5.500819e-07	 5.926020e-07	 4.874936e-07	 4.946507e-07	 5.998354e-07	 5.168059e-07	 5.529883e-07	 4.979834e-07	 5.334437e-07	 5.099069e-07	 5.237591e-07	 4.730118e-07	 4.971024e-07	 4.328007e-07	 3.753935e-07	 3.213154e-07	 3.758843e-07	 3.947249e-07	 4.470707e-06
5.05000	 1.191202e-07	 3.532614e-07	 7.601009e-07	 3.371124e-07	 3.330506e-07	 5.144729e-07	 5.070892e-07	 4.876115e-07	 4.703266e-07	 4.877251e-07	 7.383927e-07	 6.162683e-07	 6.649043e-07	 6.008873e-07	 5.823641e-07	 6.641620e-07	 7.124112e-07	 7.227830e-07	 5.498946e-07	 5.651354e-07	 5.176654e-07	 5.393434e-07	 4.841919e-07	 5.949598e-07	 5.535460e-07	 5.109997e-07	 4.797662e-07	 4.885030e-07	 4.660045e-07	 5.967552e-07	 6.027651e-07	 6.193038e-07	 5.843265e-07	 6.644803e-07	 6.074485e-07	 6.053396e-07	 6.695367e-07	 6.253550e-07	 6.627238e-07	 5.332530e-07	 5.452645e-07	 6.035835e-07	 5.444975e-07	 5.530354e-07	 5.668365e-07	 5.542612e-07	 5.769187e-07	 6.031843e-07	 5.312166e-07	 5.098326e-07	 5.809047e-07	 4.749972e-07	 6.288077e-07	 5.881973e-07	 5.141414e-07	 4.915073e-07	 5.647282e-07	 5.340895e-07	 5.102900e-07	 4.693388e-07	 4.293835e-07	 4.782024e-07	 4.631603e-07	 3.878840e-07	 4.432521e-07	 4.733649e-07	 4.242115e-07	 4.137025e-07	 4.488508e-07	 3.934974e-07	 4.221156e-07	 3.959595e-07	 4.087497e-07	 3.391020e-07	 3.406644e-07	 3.104189e-07	 2.848958e-07	 2.990917e-07	 2.860864e-07	 3.816467e-06
5.15000	 1.257612e-07	 3.055313e-07	 3.737703e-07	 2.825256e-07	 2.954323e-07	 4.179177e-07	 3.291979e-07	 4.354878e-07	 5.512585e-07	 5.377778e-07	 5.096127e-07	 4.262802e-07	 4.959934e-07	 4.730909e-07	 5.268682e-07	 4.626519e-07	 5.554205e-07	 5.772335e-07	 4.086858e-07	 4.097240e-07	 4.685572e-07	 4.593234e-07	 4.066141e-07	 4.993895e-07	 4.974795e-07	 4.750316e-07	 4.514768e-07	 4.256448e-07	 3.760456e-07	 4.120143e-07	 4.710673e-07	 5.308784e-07	 4.173836e-07	 4.608545e-07	 3.921429e-07	 4.928245e-07	 4.816162e-07	 5.448545e-07	 5.031417e-07	 4.866347e-07	 4.656294e-07	 4.356163e-07	 4.188753e-07	 4.898221e-07	 4.621584e-07	 4.719985e-07	 4.281546e-07	 5.177070e-07	 4.459200e-07	 4.413034e-07	 3.972253e-07	 4.527778e-07	 3.686327e-07	 4.402757e-07	 4.376360e-07	 4.093322e-07	 3.777426e-07	 4.232235e-07	 3.665694e-07	 4.005157e-07	 4.036280e-07	 3.986957e-07	 3.829942e-07	 3.712016e-07	 3.280942e-07	 3.390220e-07	 3.218612e-07	 4.135556e-07	 3.955120e-07	 3.502787e-07	 3.480636e-07	 3.939261e-07	 3.660484e-07	 2.946440e-07	 2.939637e-07	 2.514720e-07	 2.521037e-07	 2.407953e-07	 2.347130e-07	 3.180193e-06
5.25000	 5.174779e-08	 1.250227e-07	 5.789503e-07	 2.959616e-07	 1.729531e-07	 3.270638e-07	 4.394055e-07	 4.060063e-07	 4.497101e-07	 3.519626e-07	 3.599792e-07	 3.594189e-07	 3.714889e-07	 4.253835e-07	 3.823248e-07	 3.456968e-07	 4.283945e-07	 4.431034e-07	 3.726224e-07	 3.172425e-07	 3.187856e-07	 4.039727e-07	 4.020961e-07	 3.934119e-07	 3.766368e-07	 3.749683e-07	 3.450778e-07	 3.292423e-07	 4.672141e-07	 3.954224e-07	 4.173900e-07	 3.946149e-07	 3.708639e-07	 3.951641e-07	 3.669778e-07	 3.907005e-07	 3.691631e-07	 3.897376e-07	 4.380633e-07	 4.415872e-07	 3.796950e-07	 3.725040e-07	 3.568506e-07	 4.174071e-07	 3.091042e-07	 3.729970e-07	 3.201661e-07	 3.491641e-07	 3.304223e-07	 3.540271e-07	 3.480196e-07	 3.385709e-07	 4.076793e-07	 3.264118e-07	 3.624918e-07	 3.419024e-07	 3.503044e-07	 2.912181e-07	 2.844118e-07	 3.692847e-07	 3.668526e-07	 3.150233e-07	 2.918312e-07	 3.023166e-07	 2.864943e-07	 2.880945e-07	 2.750814e-07	 2.643962e-07	 2.872279e-07	 3.203315e-07	 3.066261e-07	 3.024883e-07	 2.784995e-07	 2.736034e-07	 2.362604e-07	 1.676491e-07	 1.985232e-07	 1.898869e-07	 2.068959e-07	 2.733021e-06
5.35000	 1.529077e-07	 3.881795e-07	 3.188495e-07	 2.704568e-07	 1.697860e-07	 1.972715e-07	 2.721608e-07	 1.839831e-07	 2.977992e-07	 3.228810e-07	 3.581254e-07	 2.884903e-07	 2.538572e-07	 3.763671e-07	 2.671357e-07	 2.697219e-07	 3.949219e-07	 5.005281e-07	 3.050946e-07	 2.700384e-07	 3.764267e-07	 3.084584e-07	 3.679501e-07	 3.455139e-07	 4.076006e-07	 3.152626e-07	 3.081852e-07	 3.836168e-07	 3.281724e-07	 3.438216e-07	 2.902355e-07	 3.515027e-07	 2.700697e-07	 2.700995e-07	 3.434471e-07	 3.438657e-07	 2.519205e-07	 2.597061e-07	 3.510223e-07	 2.716062e-07	 2.915903e-07	 3.615956e-07	 3.002221e-07	 3.669464e-07	 3.065283e-07	 2.585740e-07	 3.151780e-07	 2.450425e-07	 3.041348e-07	 3.153883e-07	 2.786535e-07	 3.205185e-07	 3.016600e-07	 2.877695e-07	 2.960787e-07	 2.735607e-07	 2.748087e-07	 2.985449e-07	 2.169231e-07	 2.595443e-07	 2.970629e-07	 2.457021e-07	 2.410653e-07	 2.473737e-07	 2.671930e-07	 2.221251e-07	 2.305060e-07	 2.372494e-07	 2.081228e-07	 2.666071e-07	 1.958067e-07	 2.210143e-07	 2.325166e-07	 2.211521e-07	 1.947744e-07	 1.720022e-07	 1.764746e-07	 1.979197e-07	 1.586868e-07	 2.216543e-06
5.45000	 3.096035e-08	 1.576522e-07	 9.796349e-08	 1.064634e-07	 1.693938e-07	 1.536856e-07	 2.475871e-07	 2.080564e-07	 2.694477e-07	 2.484779e-07	 1.961939e-07	 2.461464e-07	 2.948515e-07	 2.492044e-07	 2.855120e-07	 2.540714e-07	 4.746907e-07	 3.022958e-07	 2.294625e-07	 3.141810e-07	 2.987789e-07	 3.170712e-07	 3.044635e-07	 3.384326e-07	 3.253331e-07	 2.881343e-07	 2.131624e-07	 2.942851e-07	 2.276773e-07	 2.680840e-07	 2.964735e-07	 2.801756e-07	 2.487432e-07	 3.420356e-07	 2.642303e-07	 3.035649e-07	 2.683892e-07	 2.464006e-07	 2.687316e-07	 2.340212e-07	 2.362170e-07	 2.605546e-07	 2.206029e-07	 2.634984e-07	 3.257379e-07	 2.382636e-07	 2.227770e-07	 2.307921e-07	 2.620190e-07	 2.463064e-07	 2.628049e-07	 2.428837e-07	 2.333621e-07	 2.661880e-07	 1.939170e-07	 2.207901e-07	 2.244277e-07	 2.187034e-07	 2.082131e-07	 2.101044e-07	 1.988056e-07	 2.322026e-07	 1.809764e-07	 2.170682e-07	 2.106699e-07	 1.941705e-07	 1.756691e-07	 1.704714e-07	 1.594205e-07	 2.245652e-07	 1.974117e-07	 1.825645e-07	 1.908823e-07	 1.765459e-07	 1.721211e-07	 1.351550e-07	 1.189046e-07	 1.211894e-07	 1.398590e-07	 1.773174e-06
5.55000	 5.519588e-07	 1.838053e-07	 1.365079e-07	 1.286331e-07	 1.490750e-07	 1.672288e-07	 2.062073e-07	 1.493605e-07	 2.946511e-07	 1.573069e-07	 2.154030e-07	 1.971865e-07	 1.688118e-07	 1.914829e-07	 2.109630e-07	 2.140275e-07	 2.576554e-07	 2.364473e-07	 2.613291e-07	 2.077061e-07	 2.649582e-07	 2.618888e-07	 2.245248e-07	 2.696233e-07	 2.265421e-07	 1.870106e-07	 1.950810e-07	 2.106302e-07	 2.199544e-07	 2.255453e-07	 2.240928e-07	 2.575031e-07	 2.179918e-07	 2.085027e-07	 2.334412e-07	 2.074544e-07	 1.871117e-07	 1.634271e-07	 1.951511e-07	 2.331576e-07	 2.076601e-07	 1.661607e-07	 1.925490e-07	 2.219857e-07	 2.433143e-07	 1.848014e-07	 2.151521e-07	 2.029022e-07	 2.069150e-07	 1.941991e-07	 1.793836e-07	 2.289162e-07	 1.865999e-07	 2.004848e-07	 1.974873e-07	 1.845348e-07	 1.948358e-07	 2.203529e-07	 1.664259e-07	 1.852359e-07	 1.686440e-07	 1.860469e-07	 1.687444e-07	 1.380268e-07	 1.842316e-07	 1.531878e-07	 1.763321e-07	 1.488063e-07	 1.364669e-07	 1.323995e-07	 1.407824e-07	 1.431386e-07	 1.522102e-07	 1.427889e-07	 1.361295e-07	 1.177880e-07	 1.085467e-07	 1.004538e-07	 1.064684e-07	 1.504384e-06
5.65000	 3.225203e-07	 8.210132e-08	 1.295371e-07	 1.122919e-07	 3.742425e-07	 1.908069e-07	 1.746126e-07	 1.650393e-07	 1.342607e-07	 1.870866e-07	 1.549249e-07	 1.675195e-07	 2.069946e-07	 1.972662e-07	 1.492404e-07	 1.960142e-07	 1.793865e-07	 1.883980e-07	 2.647767e-07	 1.592276e-07	 2.609803e-07	 1.729687e-07	 1.562772e-07	 2.008987e-07	 1.722160e-07	 1.719288e-07	 1.748511e-07	 1.889713e-07	 2.362660e-07	 1.985993e-07	 1.563413e-07	 1.783116e-07	 1.809258e-07	 1.596203e-07	 1.825748e-07	 1.654912e-07	 1.593308e-07	 1.368060e-07	 1.714665e-07	 1.987741e-07	 1.587785e-07	 1.570322e-07	 1.834218e-07	 2.035975e-07	 1.723903e-07	 1.754083e-07	 1.851665e-07	 1.541795e-07	 1.813743e-07	 1.759259e-07	 1.296619e-07	 1.551974e-07	 1.350145e-07	 1.572328e-07	 1.704301e-07	 1.549001e-07	 1.474429e-07	 1.380694e-07	 1.396911e-07	 1.378581e-07	 1.541299e-07	 1.465826e-07	 1.223719e-07	 1.417964e-07	 1.117561e-07	 1.295606e-07	 1.327678e-07	 1.146690e-07	 1.050196e-07	 9.363885e-08	 1.120704e-07	 9.081464e-08	 8.472356e-08	 1.181507e-07	 1.009035e-07	 9.232235e-08	 9.305656e-08	 7.999542e-08	 9.366431e-08	 1.164143e-06
5.75000	 2.198406e-07	 7.020127e-08	 9.166939e-08	 1.415793e-07	 1.280167e-07	 2.476655e-07	 9.419681e-08	 1.248974e-07	 1.317786e-07	 1.609732e-07	 1.229815e-07	 1.460391e-07	 1.752788e-07	 1.899136e-07	 1.536297e-07	 1.519504e-07	 1.846580e-07	 1.747469e-07	 1.623731e-07	 2.373110e-07	 1.276634e-07	 2.057477e-07	 1.615840e-07	 1.294309e-07	 1.623717e-07	 1.920542e-07	 1.444998e-07	 1.767220e-07	 1.629829e-07	 1.314231e-07	 1.565906e-07	 1.595239e-07	 1.920214e-07	 1.406449e-07	 1.311068e-07	 1.358747e-07	 1.141262e-07	 1.284002e-07	 1.305318e-07	 1.682745e-07	 1.193527e-07	 1.234921e-07	 1.223309e-07	 1.459101e-07	 1.394755e-07	 1.441503e-07	 1.704229e-07	 1.018746e-07	 1.339800e-07	 1.286006e-07	 1.338146e-07	 1.179787e-07	 1.176167e-07	 1.249496e-07	 1.291412e-07	 9.311495e-08	 1.197834e-07	 1.084977e-07	 1.143728e-07	 1.223843e-07	 1.056559e-07	 1.189907e-07	 1.075954e-07	 1.165725e-07	 1.073541e-07	 1.112207e-07	 1.065928e-07	 9.189032e-08	 9.456815e-08	 9.403883e-08	 9.228091e-08	 7.535678e-08	 8.208175e-08	 8.115013e-08	 7.687576e-08	 6.591558e-08	 7.031636e-08	 5.319534e-08	 7.910621e-08	 1.003306e-06
5.85000	 9.518378e-08	 3.486197e-08	 4.279852e-08	 1.574507e-07	 1.878026e-07	 7.309923e-08	 1.068804e-07	 1.384875e-07	 8.981621e-08	 9.078479e-08	 1.393699e-07	 1.101439e-07	 8.477993e-08	 1.013459e-07	 1.251252e-07	 1.332358e-07	 1.334957e-07	 1.410462e-07	 1.044936e-07	 1.215897e-07	 1.105929e-07	 1.279504e-07	 1.263190e-07	 1.277695e-07	 9.882254e-08	 1.328598e-07	 1.486092e-07	 1.202393e-07	 1.106877e-07	 1.382619e-07	 1.633886e-07	 1.088440e-07	 1.026985e-07	 1.371917e-07	 1.311078e-07	 1.407548e-07	 1.321937e-07	 1.103278e-07	 1.408769e-07	 1.077255e-07	 1.195559e-07	 1.181814e-07	 1.050509e-07	 8.547121e-08	 1.212035e-07	 1.370377e-07	 1.107926e-07	 1.021193e-07	 9.258333e-08	 1.420057e-07	 1.081870e-07	 1.088611e-07	 9.406970e-08	 9.113625e-08	 9.986501e-08	 8.522177e-08	 9.384486e-08	 7.614942e-08	 1.040199e-07	 9.365039e-08	 1.039022e-07	 1.032954e-07	 9.129364e-08	 1.066006e-07	 8.702864e-08	 9.673780e-08	 7.389445e-08	 8.222149e-08	 8.018468e-08	 8.148707e-08	 6.999746e-08	 6.262046e-08	 6.720710e-08	 5.773862e-08	 6.639739e-08	 5.048835e-08	 5.165154e-08	 4.057603e-08	 4.664609e-08	 8.251055e-07
5.95000	 2.510478e-08	 8.677569e-08	 2.918593e-08	 8.299747e-08	 1.360214e-07	 8.401827e-08	 9.031475e-08	 1.497395e-07	 9.547159e-08	 8.687865e-08	 8.683560e-08	 8.895491e-08	 1.008814e-07	 7.901815e-08	 1.123667e-07	 1.022394e-07	 9.426057e-08	 8.181956e-08	 1.073916e-07	 1.020082e-07	 8.359908e-08	 8.432404e-08	 1.101140e-07	 1.246253e-07	 9.183602e-08	 1.100630e-07	 1.095382e-07	 8.168421e-08	 9.750066e-08	 8.191909e-08	 1.334717e-07	 9.478391e-08	 1.086470e-07	 9.231469e-08	 9.621812e-08	 1.116650e-07	 9.024014e-08	 7.084714e-08	 1.060193e-07	 1.016165e-07	 9.923773e-08	 8.862877e-08	 7.856409e-08	 7.431548e-08	 9.148309e-08	 8.751785e-08	 1.171646e-07	 8.699614e-08	 9.437802e-08	 9.979632e-08	 1.020752e-07	 9.472883e-08	 8.369346e-08	 7.972383e-08	 9.069299e-08	 8.249938e-08	 8.260982e-08	 7.343648e-08	 7.316524e-08	 7.968118e-08	 7.988979e-08	 5.896308e-08	 8.124495e-08	 8.164966e-08	 6.647939e-08	 6.897075e-08	 8.753874e-08	 6.598000e-08	 6.106696e-08	 5.762823e-08	 4.112390e-08	 5.192876e-08	 6.291804e-08	 4.716705e-08	 4.369806e-08	 4.213840e-08	 4.334677e-08	 3.940812e-08	 4.721317e-08	 6.951452e-07
6.05000	 1.758430e-08	 6.542146e-08	 3.827207e-08	 8.128694e-08	 1.602060e-07	 6.601669e-08	 6.107523e-08	 1.273434e-07	 2.943373e-08	 5.451199e-08	 8.445421e-08	 7.514053e-08	 8.295446e-08	 5.679117e-08	 7.171199e-08	 6.645984e-08	 6.138667e-08	 8.921364e-08	 7.831404e-08	 7.567764e-08	 5.599022e-08	 7.845983e-08	 8.956204e-08	 1.027004e-07	 7.431764e-08	 9.436431e-08	 7.655026e-08	 8.913895e-08	 6.741426e-08	 9.027076e-08	 7.514414e-08	 7.180873e-08	 7.892818e-08	 7.886363e-08	 6.706866e-08	 7.372476e-08	 9.745292e-08	 7.401349e-08	 8.399818e-08	 7.073379e-08	 7.201680e-08	 6.329608e-08	 5.232705e-08	 7.892003e-08	 5.107249e-08	 7.400638e-08	 6.604863e-08	 8.594171e-08	 7.000820e-08	 9.189009e-08	 7.577677e-08	 9.234509e-08	 6.517543e-08	 6.755689e-08	 6.314422e-08	 5.323488e-08	 6.283655e-08	 6.380916e-08	 5.188559e-08	 5.591339e-08	 6.135553e-08	 4.958661e-08	 5.545896e-08	 5.974012e-08	 5.409827e-08	 5.825629e-08	 6.667581e-08	 5.973170e-08	 7.116463e-08	 4.852094e-08	 4.462568e-08	 4.811806e-08	 4.397221e-08	 5.077771e-08	 3.823879e-08	 3.816161e-08	 3.860627e-08	 3.626860e-08	 3.960080e-08	 5.747125e-07
6.15000	 8.545402e-08	 8.317508e-08	 5.012267e-08	 1.117201e-07	 6.567514e-08	 1.658074e-07	 6.286320e-08	 8.405345e-08	 3.865962e-08	 4.997372e-08	 5.251485e-08	 9.116190e-08	 5.800405e-08	 5.315769e-08	 4.375378e-08	 5.201356e-08	 6.912863e-08	 6.387614e-08	 5.935396e-08	 4.620375e-08	 7.583740e-08	 6.271503e-08	 6.091136e-08	 7.527529e-08	 5.645187e-08	 5.159899e-08	 4.422961e-08	 6.588069e-08	 5.886018e-08	 5.140695e-08	 5.799660e-08	 5.511354e-08	 6.449318e-08	 6.185935e-08	 6.027749e-08	 5.555015e-08	 5.811314e-08	 4.802495e-08	 6.336583e-08	 5.227542e-08	 5.405032e-08	 5.260744e-08	 4.701835e-08	 5.496484e-08	 5.348747e-08	 6.746865e-08	 5.881288e-08	 6.488510e-08	 6.457089e-08	 6.528128e-08	 4.248269e-08	 5.766756e-08	 4.221330e-08	 5.484892e-08	 5.161693e-08	 5.076622e-08	 4.955299e-08	 4.513419e-08	 3.715550e-08	 4.566732e-08	 5.360282e-08	 4.833832e-08	 5.175750e-08	 5.572508e-08	 3.984728e-08	 4.609635e-08	 5.036691e-08	 6.377770e-08	 4.717928e-08	 5.279168e-08	 4.424332e-08	 3.736728e-08	 3.027634e-08	 3.620947e-08	 3.020490e-08	 2.813013e-08	 3.246404e-08	 2.755281e-08	 2.054951e-08	 4.625448e-07
6.25000	 1.341485e-08	 1.574982e-08	 4.432811e-08	 3.291213e-08	 4.569630e-08	 7.561896e-08	 1.096950e-07	 8.026324e-08	 7.517099e-08	 6.785564e-08	 4.928409e-08	 5.590693e-08	 6.868976e-08	 4.572534e-08	 4.325606e-08	 5.940875e-08	 4.425478e-08	 6.856602e-08	 5.714375e-08	 3.830535e-08	 4.211057e-08	 3.786541e-08	 6.043944e-08	 6.213579e-08	 4.465835e-08	 3.965378e-08	 5.339534e-08	 5.275278e-08	 5.831607e-08	 4.592647e-08	 3.865665e-08	 5.317301e-08	 4.537618e-08	 3.411963e-08	 4.838976e-08	 5.290472e-08	 5.980858e-08	 2.960514e-08	 4.762361e-08	 3.334590e-08	 4.394735e-08	 3.969587e-08	 5.522830e-08	 5.655298e-08	 4.452384e-08	 5.041878e-08	 4.261577e-08	 5.451504e-08	 5.202516e-08	 5.155755e-08	 4.943358e-08	 5.552491e-08	 4.174591e-08	 4.261345e-08	 4.723047e-08	 4.303875e-08	 4.302812e-08	 4.285080e-08	 4.622494e-08	 4.623868e-08	 3.721650e-08	 4.172685e-08	 5.253279e-08	 4.021954e-08	 2.936306e-08	 4.899580e-08	 3.973423e-08	 2.849857e-08	 3.677698e-08	 3.088605e-08	 3.614215e-08	 2.617812e-08	 3.870206e-08	 3.049102e-08	 2.978327e-08	 2.644489e-08	 2.648192e-08	 2.869386e-08	 1.870310e-08	 3.985149e-07
6.35000	 1.933491e-08	 3.757996e-08	 2.106949e-08	 1.204654e-08	 4.330129e-08	 3.622067e-08	 2.760652e-08	 8.850076e-08	 8.154999e-08	 3.717002e-08	 4.239536e-08	 4.774575e-08	 4.350107e-08	 3.973622e-08	 2.931350e-08	 3.461171e-08	 4.618198e-08	 5.376752e-08	 4.433069e-08	 2.566664e-08	 4.384119e-08	 4.442408e-08	 3.529075e-08	 3.591294e-08	 4.537933e-08	 3.669699e-08	 4.219727e-08	 6.779447e-08	 4.381468e-08	 3.753092e-08	 5.484469e-08	 5.174405e-08	 4.858604e-08	 4.738475e-08	 3.735544e-08	 4.681382e-08	 3.599763e-08	 3.806358e-08	 3.839212e-08	 3.110507e-08	 3.223953e-08	 3.737268e-08	 3.736357e-08	 3.771318e-08	 3.318571e-08	 5.679687e-08	 5.419933e-08	 4.922537e-08	 3.798523e-08	 3.283150e-08	 3.377030e-08	 4.032469e-08	 4.550810e-08	 4.632170e-08	 3.687934e-08	 2.807478e-08	 3.531714e-08	 3.942001e-08	 4.069993e-08	 3.366887e-08	 2.322453e-08	 3.213900e-08	 4.102495e-08	 2.940923e-08	 3.311255e-08	 4.095920e-08	 4.022422e-08	 2.413285e-08	 3.278084e-08	 2.520020e-08	 2.673956e-08	 2.489066e-08	 2.638500e-08	 2.550682e-08	 2.363764e-08	 2.038307e-08	 1.998223e-08	 1.466848e-08	 1.824684e-08	 2.999963e-07
6.45000	 4.156584e-08	 3.890872e-08	 1.480630e-08	 5.605498e-08	 2.843151e-08	 2.196047e-08	 1.242478e-08	 2.551955e-08	 2.852610e-08	 2.331047e-08	 4.109279e-08	 2.927406e-08	 5.958221e-08	 2.081270e-08	 1.729774e-08	 2.052200e-08	 3.296497e-08	 3.067251e-08	 2.800018e-08	 5.896148e-08	 3.568935e-08	 4.255834e-08	 2.811349e-08	 3.056067e-08	 3.766339e-08	 2.869765e-08	 3.178473e-08	 4.064994e-08	 3.251970e-08	 2.743786e-08	 3.709150e-08	 3.617625e-08	 3.357524e-08	 2.748633e-08	 4.196464e-08	 3.025728e-08	 3.245099e-08	 3.161602e-08	 3.204083e-08	 3.359172e-08	 2.750999e-08	 3.624361e-08	 4.231878e-08	 2.486108e-08	 2.853595e-08	 2.719641e-08	 3.777854e-08	 3.809306e-08	 2.909469e-08	 2.425134e-08	 2.793162e-08	 3.986712e-08	 2.692565e-08	 2.897005e-08	 2.146130e-08	 3.858258e-08	 2.934967e-08	 2.908107e-08	 3.045567e-08	 3.214659e-08	 2.395844e-08	 2.745186e-08	 1.941605e-08	 1.563758e-08	 2.431061e-08	 2.525845e-08	 3.289563e-08	 2.478441e-08	 2.307052e-08	 2.034077e-08	 2.004134e-08	 2.245251e-08	 1.702734e-08	 2.011556e-08	 1.662150e-08	 2.088472e-08	 2.167809e-08	 1.566001e-08	 1.383006e-08	 2.658664e-07
6.55000	 2.891554e-09	 8.951534e-09	 5.145712e-09	 5.491463e-09	 2.014088e-08	 1.850471e-08	 1.573019e-08	 1.736775e-08	 4.818133e-08	 2.565891e-08	 2.495840e-08	 2.907115e-08	 6.759570e-08	 2.428685e-08	 1.820220e-08	 1.987039e-08	 2.178952e-08	 3.543021e-08	 1.919904e-08	 2.992032e-08	 3.112137e-08	 1.906295e-08	 2.411495e-08	 3.257783e-08	 3.715099e-08	 2.523356e-08	 1.732129e-08	 3.239909e-08	 2.978772e-08	 2.404520e-08	 2.911232e-08	 2.691551e-08	 2.359340e-08	 2.811682e-08	 2.269308e-08	 2.531128e-08	 1.976581e-08	 2.597731e-08	 2.660367e-08	 3.628882e-08	 3.250902e-08	 2.780976e-08	 2.453632e-08	 2.428490e-08	 2.391243e-08	 2.279445e-08	 3.451647e-08	 2.890931e-08	 2.527692e-08	 1.729142e-08	 2.447892e-08	 2.405713e-08	 2.589689e-08	 2.143605e-08	 2.140346e-08	 3.698206e-08	 2.578310e-08	 2.957030e-08	 2.441087e-08	 3.215063e-08	 1.871592e-08	 1.177895e-08	 1.582238e-08	 1.897778e-08	 1.939996e-08	 2.154960e-08	 2.082537e-08	 2.954022e-08	 2.380927e-08	 2.042557e-08	 1.956319e-08	 1.820652e-08	 1.706565e-08	 1.549731e-08	 1.275058e-08	 1.419192e-08	 1.205166e-08	 1.448959e-08	 1.425096e-08	 2.256045e-07
6.65000	 7.021080e-09	 5.512716e-09	 6.825694e-09	 5.345289e-09	 1.584468e-08	 1.300331e-08	 2.069559e-08	 2.536732e-08	 1.129749e-08	 4.656562e-08	 2.532479e-08	 1.672921e-08	 1.750115e-08	 2.333402e-08	 1.293591e-08	 2.269608e-08	 1.594816e-08	 2.124122e-08	 1.957423e-08	 2.384718e-08	 2.805419e-08	 2.704604e-08	 2.076568e-08	 3.322280e-08	 2.007078e-08	 3.113122e-08	 2.910786e-08	 1.836730e-08	 2.161019e-08	 3.066664e-08	 2.470861e-08	 2.902016e-08	 2.525964e-08	 2.692195e-08	 2.559876e-08	 2.755640e-08	 2.373887e-08	 1.576771e-08	 1.824557e-08	 2.638409e-08	 2.596341e-08	 2.326181e-08	 1.951783e-08	 2.222265e-08	 2.619127e-08	 2.970517e-08	 2.274555e-08	 2.184718e-08	 2.526253e-08	 1.938150e-08	 1.944812e-08	 1.994068e-08	 2.765825e-08	 1.742228e-08	 2.072431e-08	 2.139463e-08	 2.409350e-08	 3.039512e-08	 2.031165e-08	 1.343800e-08	 1.583999e-08	 1.123866e-08	 1.027908e-08	 9.645630e-09	 1.306544e-08	 1.763407e-08	 1.943588e-08	 1.366114e-08	 2.129429e-08	 1.998254e-08	 2.064028e-08	 1.604749e-08	 9.752058e-09	 1.105618e-08	 1.384969e-08	 1.468618e-08	 7.599881e-09	 1.342800e-08	 1.031995e-08	 1.780171e-07
6.75000	 7.558392e-09	 0.000000e+00	 2.251949e-09	 1.903435e-08	 1.540533e-08	 1.956809e-08	 1.371980e-08	 9.586140e-09	 4.995261e-08	 2.010873e-08	 2.075919e-08	 1.199759e-08	 1.986954e-08	 2.694019e-08	 2.677890e-08	 2.475506e-08	 1.577987e-08	 1.879287e-08	 1.247097e-08	 1.063421e-08	 1.367438e-08	 1.936867e-08	 1.574409e-08	 1.945423e-08	 2.610881e-08	 2.015696e-08	 9.031235e-09	 1.628960e-08	 1.537372e-08	 2.111138e-08	 2.306558e-08	 1.733567e-08	 2.183539e-08	 1.482177e-08	 1.952536e-08	 2.497093e-08	 1.601441e-08	 1.674245e-08	 1.268566e-08	 2.292727e-08	 1.726875e-08	 1.660919e-08	 2.108107e-08	 1.315215e-08	 2.894780e-08	 2.588416e-08	 2.019389e-08	 2.343416e-08	 1.663838e-08	 1.401082e-08	 2.019837e-08	 1.391129e-08	 2.002858e-08	 2.562179e-08	 2.011267e-08	 2.739196e-08	 1.698209e-08	 1.541846e-08	 1.761841e-08	 2.048454e-08	 1.439506e-08	 1.014146e-08	 8.883643e-09	 9.624838e-09	 1.360228e-08	 1.810043e-08	 1.334179e-08	 1.389309e-08	 1.795308e-08	 1.246886e-08	 1.336275e-08	 1.028936e-08	 7.983619e-09	 1.048580e-08	 1.390154e-08	 8.545462e-09	 6.754133e-09	 6.321361e-09	 9.832695e-09	 1.545404e-07
6.85000	 0.000000e+00	 1.151846e-09	 3.722734e-09	 1.852740e-08	 9.306683e-09	 1.073051e-08	 6.250893e-09	 1.594629e-08	 3.277017e-08	 2.284701e-08	 7.311730e-09	 2.049776e-08	 6.548590e-09	 2.524176e-08	 2.015357e-08	 1.520043e-08	 1.338377e-08	 1.546751e-08	 1.645938e-08	 1.157605e-08	 5.869242e-09	 1.025459e-08	 8.391833e-09	 8.909334e-09	 2.191779e-08	 2.152866e-08	 9.283970e-09	 1.587986e-08	 1.510247e-08	 1.428219e-08	 1.294610e-08	 8.652575e-09	 1.317412e-08	 1.739057e-08	 1.068634e-08	 1.707165e-08	 9.989416e-09	 1.805003e-08	 1.276965e-08	 1.323503e-08	 1.800885e-08	 1.138232e-08	 1.170915e-08	 1.506631e-08	 1.772440e-08	 2.721098e-08	 1.483611e-08	 1.603463e-08	 1.519193e-08	 1.242039e-08	 1.351859e-08	 1.522343e-08	 1.425664e-08	 1.430456e-08	 2.453177e-08	 1.344534e-08	 1.121388e-08	 1.061739e-08	 1.352064e-08	 1.057579e-08	 1.373187e-08	 1.400256e-08	 1.072172e-08	 9.505746e-09	 8.779518e-09	 1.125080e-08	 1.065521e-08	 1.523546e-08	 1.201109e-08	 1.542828e-08	 9.408285e-09	 1.058340e-08	 8.483971e-09	 1.179452e-08	 9.079796e-09	 7.654677e-09	 7.369760e-09	 6.556506e-09	 6.329356e-09	 1.135451e-07
6.95000	 0.000000e+00	 0.000000e+00	 7.712277e-09	 2.315697e-08	 6.383957e-09	 8.940129e-09	 4.883953e-09	 6.663228e-09	 1.006477e-08	 5.545110e-09	 1.022478e-08	 1.365024e-08	 1.382173e-08	 1.147330e-08	 1.608771e-08	 5.652930e-09	 1.610304e-08	 1.477823e-08	 7.239669e-09	 1.324339e-08	 9.490472e-09	 8.747634e-09	 4.483949e-09	 1.794431e-08	 1.439408e-08	 1.101077e-08	 1.092270e-08	 1.269738e-08	 1.770330e-08	 9.838924e-09	 1.243109e-08	 1.237561e-08	 6.154810e-09	 1.619113e-08	 9.364832e-09	 6.975060e-09	 1.288699e-08	 1.176411e-08	 1.525528e-08	 1.485779e-08	 1.557077e-08	 9.737149e-09	 9.614685e-09	 9.943260e-09	 1.094807e-08	 1.178413e-08	 1.104722e-08	 1.120099e-08	 1.082070e-08	 1.104679e-08	 6.113796e-09	 1.150477e-08	 1.400417e-08	 8.293297e-09	 1.522365e-08	 7.468492e-09	 1.282576e-08	 1.068109e-08	 9.204125e-09	 1.679880e-08	 9.429075e-09	 9.120234e-09	 1.039156e-08	 1.123076e-08	 1.029304e-08	 1.154700e-08	 7.317160e-09	 7.765422e-09	 9.810000e-09	 7.265121e-09	 6.579297e-09	 8.078941e-09	 9.170121e-09	 8.926710e-09	 1.195454e-08	 6.116523e-09	 5.475442e-09	 4.108861e-09	 3.114019e-09	 1.071799e-07
7.05000	 0.000000e+00	 1.151846e-09	 2.241789e-09	 1.530815e-08	 4.052144e-09	 1.213258e-08	 6.418839e-09	 1.568563e-09	 5.492927e-09	 7.188290e-09	 1.254487e-08	 1.288436e-08	 1.178445e-08	 9.547928e-09	 5.858908e-09	 8.684273e-09	 8.469627e-09	 8.984665e-09	 7.099453e-09	 1.094264e-08	 6.781475e-09	 1.222102e-08	 5.636524e-09	 5.665648e-09	 1.062393e-08	 1.316511e-08	 1.124665e-08	 1.398894e-08	 1.147236e-08	 8.773466e-09	 1.125930e-08	 7.615493e-09	 9.032957e-09	 1.278369e-08	 8.346435e-09	 1.051790e-08	 7.957734e-09	 9.151063e-09	 9.326813e-09	 1.183184e-08	 9.112975e-09	 7.700046e-09	 8.622231e-09	 8.497703e-09	 1.033409e-08	 8.392902e-09	 8.323357e-09	 5.677340e-09	 1.222629e-08	 9.015841e-09	 7.388680e-09	 7.971576e-09	 9.657120e-09	 9.013519e-09	 8.834323e-09	 8.542456e-09	 9.276962e-09	 9.009348e-09	 1.082853e-08	 8.417168e-09	 7.874745e-09	 7.132397e-09	 7.363561e-09	 7.712187e-09	 8.227990e-09	 9.368322e-09	 8.807353e-09	 5.496213e-09	 4.958581e-09	 8.843902e-09	 4.473567e-09	 6.161835e-09	 9.198946e-09	 5.492223e-09	 4.676294e-09	 5.950496e-09	 3.844128e-09	 2.771680e-09	 4.621873e-09	 8.104697e-08
7.15000	 1.062689e-08	 5.074522e-09	 3.467741e-09	 8.139838e-09	 1.065453e-08	 7.379096e-09	 3.202006e-09	 3.377769e-09	 3.186982e-09	 3.313239e-09	 5.506341e-09	 1.245734e-08	 1.108595e-08	 9.572182e-09	 5.522914e-09	 8.268031e-09	 2.959459e-09	 4.689309e-09	 1.066975e-08	 1.633427e-08	 1.046900e-08	 8.114187e-09	 5.704036e-09	 8.974180e-09	 8.721190e-09	 6.027502e-09	 9.452312e-09	 1.166816e-08	 1.009588e-08	 8.524702e-09	 9.786478e-09	 6.168011e-09	 3.321941e-09	 4.569417e-09	 4.728841e-09	 3.603291e-09	 7.940145e-09	 3.669994e-09	 5.517911e-09	 1.084838e-08	 7.585903e-09	 8.132746e-09	 6.335937e-09	 4.309255e-09	 7.805103e-09	 7.869234e-09	 7.456189e-09	 1.043429e-08	 1.020351e-08	 4.191046e-09	 5.876811e-09	 7.216400e-09	 5.062168e-09	 6.652672e-09	 4.814689e-09	 6.055362e-09	 7.835671e-09	 7.786627e-09	 9.951076e-09	 4.833866e-09	 4.294124e-09	 5.069636e-09	 6.693952e-09	 6.459262e-09	 5.655112e-09	 7.434590e-09	 5.293785e-09	 5.901187e-09	 5.771129e-09	 7.814327e-09	 4.211885e-09	 5.817631e-09	 8.950466e-09	 6.510446e-09	 5.071919e-09	 6.367925e-09	 3.914599e-09	 4.537540e-09	 3.094060e-09	 6.639722e-08
7.25000	 0.000000e+00	 1.239788e-08	 1.956063e-09	 9.764615e-09	 8.174079e-09	 7.384269e-09	 3.379888e-09	 2.411022e-09	 2.246143e-09	 7.527927e-09	 2.228399e-09	 3.787063e-09	 7.539081e-09	 3.641425e-09	 5.686256e-09	 5.349784e-09	 5.451935e-09	 5.657634e-09	 1.215030e-08	 7.321468e-09	 4.605997e-09	 4.294642e-09	 6.608821e-09	 4.735614e-09	 9.276959e-09	 5.286546e-09	 8.944803e-09	 1.244988e-08	 6.575820e-09	 8.051755e-09	 1.076403e-08	 5.107728e-09	 1.840310e-09	 2.859220e-09	 8.901258e-09	 5.983297e-09	 5.674148e-09	 7.384601e-09	 5.773953e-09	 4.147547e-09	 7.307999e-09	 7.126157e-09	 4.018140e-09	 3.299644e-09	 5.270174e-09	 4.174989e-09	 5.818903e-09	 6.955560e-09	 5.797044e-09	 6.317122e-09	 5.433211e-09	 3.706136e-09	 6.788559e-09	 4.934259e-09	 5.343006e-09	 5.197268e-09	 5.126001e-09	 4.848110e-09	 6.996177e-09	 4.274249e-09	 3.871513e-09	 4.593216e-09	 5.177863e-09	 3.385733e-09	 3.832831e-09	 6.206487e-09	 5.238427e-09	 3.833816e-09	 8.435444e-09	 5.921101e-09	 2.902852e-09	 5.599787e-09	 5.858817e-09	 4.531220e-09	 2.628035e-09	 2.885758e-09	 2.356541e-09	 4.035679e-09	 2.331326e-09	 5.895328e-08
7.35000	 5.960055e-09	 9.407376e-09	 0.000000e+00	 9.919346e-09	 4.535590e-09	 9.362282e-09	 5.978691e-09	 4.340385e-09	 5.097380e-09	 3.876645e-09	 3.154152e-09	 4.629892e-09	 9.443104e-09	 2.879248e-09	 1.182316e-08	 4.685239e-09	 5.600387e-09	 5.551108e-09	 7.450233e-09	 6.094115e-09	 5.776182e-09	 8.267757e-09	 8.790588e-09	 4.227191e-09	 4.080965e-09	 7.155632e-09	 4.116880e-09	 7.563010e-09	 8.244530e-09	 5.608740e-09	 3.522077e-09	 2.021495e-09	 2.843661e-09	 6.971749e-09	 7.236644e-09	 3.356450e-09	 3.731271e-09	 6.270234e-09	 4.039966e-09	 4.096583e-09	 4.342039e-09	 5.654897e-09	 2.892545e-09	 4.078807e-09	 4.646677e-09	 3.950011e-09	 5.484695e-09	 8.706864e-09	 5.716225e-09	 6.392256e-09	 5.168619e-09	 3.266102e-09	 3.837186e-09	 3.290797e-09	 4.731247e-09	 3.972363e-09	 7.487937e-09	 5.257172e-09	 5.741812e-09	 4.810344e-09	 2.447276e-09	 2.977395e-09	 4.103127e-09	 3.289395e-09	 3.655070e-09	 5.736158e-09	 3.654257e-09	 3.367703e-09	 3.290715e-09	 6.131523e-09	 5.041060e-09	 7.069530e-09	 5.196279e-09	 2.876377e-09	 1.699999e-09	 2.411140e-09	 3.687112e-09	 1.999022e-09	 1.638076e-09	 3.663264e-08
7.45000	 3.916894e-08	 4.998636e-09	 0.000000e+00	 0.000000e+00	 3.618082e-10	 4.674711e-09	 0.000000e+00	 2.108088e-09	 2.154142e-09	 9.844163e-09	 5.576549e-09	 4.881793e-09	 5.559573e-09	 5.470093e-09	 3.794068e-09	 8.251336e-09	 2.575048e-09	 1.090524e-09	 1.230997e-09	 2.347694e-09	 3.492689e-09	 2.622632e-09	 7.111577e-09	 1.233945e-08	 3.694140e-09	 4.245247e-09	 3.311933e-09	 7.546657e-09	 8.991646e-09	 2.600378e-09	 3.680221e-09	 1.514570e-09	 1.333683e-09	 2.837792e-09	 3.074150e-09	 3.740994e-09	 3.727014e-09	 3.460477e-09	 3.875311e-09	 2.735482e-09	 4.075769e-09	 3.107777e-09	 2.613623e-09	 2.666813e-09	 3.128040e-09	 3.791798e-09	 5.442073e-09	 4.594111e-09	 5.964167e-09	 3.985335e-09	 4.437600e-09	 3.794756e-09	 3.129246e-09	 2.390830e-09	 4.698529e-09	 4.205389e-09	 4.943766e-09	 3.753905e-09	 4.521861e-09	 3.290320e-09	 4.843775e-09	 2.720210e-09	 3.600217e-09	 4.098194e-09	 3.905897e-09	 5.933431e-09	 3.049574e-09	 2.633158e-09	 3.289598e-09	 2.847316e-09	 2.366142e-09	 4.226336e-09	 1.605208e-09	 3.615330e-09	 1.570504e-09	 1.428755e-09	 2.791278e-09	 8.972441e-10	 1.693195e-09	 2.953279e-08
7.55000	 2.383827e-08	 1.986685e-09	 2.663258e-09	 0.000000e+00	 2.640018e-09	 6.075876e-09	 3.973186e-10	 5.019128e-09	 3.470482e-09	 7.245463e-09	 2.669595e-09	 5.251510e-09	 4.118025e-09	 1.848462e-09	 4.809481e-09	 1.841357e-09	 3.367082e-09	 5.773246e-09	 1.528312e-09	 1.972192e-09	 5.031576e-09	 3.674729e-09	 3.985082e-09	 4.198399e-09	 4.215953e-09	 4.708209e-09	 5.793624e-09	 5.007481e-09	 6.173726e-09	 5.809322e-09	 2.685828e-09	 4.664849e-09	 3.377578e-09	 3.284400e-09	 1.089237e-09	 2.584421e-09	 2.574837e-09	 4.602188e-09	 1.620647e-09	 1.219975e-09	 1.209524e-09	 2.689494e-09	 2.831318e-09	 4.194301e-09	 5.043835e-09	 6.241064e-09	 6.963065e-09	 5.494880e-09	 2.518063e-09	 2.782615e-09	 3.773015e-09	 2.484605e-09	 2.725427e-09	 3.184204e-09	 1.985038e-09	 3.609213e-09	 3.338054e-09	 2.671902e-09	 3.037231e-09	 3.237678e-09	 3.817539e-09	 1.435498e-09	 2.785441e-09	 2.830435e-09	 2.259933e-09	 2.912887e-09	 4.077700e-09	 4.167338e-09	 3.242095e-09	 1.579118e-09	 1.906997e-09	 1.243161e-09	 1.348590e-09	 2.607344e-09	 9.627129e-10	 2.175346e-09	 1.763884e-09	 1.019253e-09	 6.764268e-10	 2.526477e-08
7.65000	 7.047796e-09	 2.213794e-09	 3.446168e-09	 2.932660e-09	 3.317578e-09	 2.789546e-10	 2.054540e-09	 1.075160e-09	 2.878755e-09	 3.840229e-09	 2.377489e-09	 3.446018e-09	 1.229632e-09	 5.624619e-10	 2.306661e-09	 1.427052e-09	 2.530596e-09	 2.110270e-09	 1.342515e-09	 2.324891e-09	 2.658064e-09	 3.463847e-09	 5.556093e-09	 4.881239e-09	 4.438233e-09	 2.639246e-09	 5.561886e-09	 1.957944e-09	 5.688224e-09	 4.847609e-09	 3.553929e-09	 2.300701e-09	 3.838332e-09	 1.784376e-09	 1.966133e-09	 1.805917e-09	 6.200715e-10	 1.701331e-09	 2.841833e-09	 1.246791e-09	 2.206311e-09	 3.520334e-09	 2.804733e-09	 2.424867e-09	 3.954610e-09	 3.741269e-09	 4.430540e-09	 3.275740e-09	 2.313353e-09	 3.574371e-09	 2.654424e-09	 1.220099e-09	 2.059709e-09	 2.623301e-09	 4.264869e-09	 2.959333e-09	 3.061751e-09	 2.209395e-09	 5.946790e-10	 1.494727e-09	 1.261290e-09	 2.243641e-09	 2.556254e-09	 2.736953e-09	 1.993082e-09	 1.176314e-09	 1.919393e-09	 1.590820e-09	 2.348809e-09	 9.571564e-10	 1.708313e-09	 1.826342e-09	 1.485449e-09	 2.047166e-09	 1.721371e-09	 2.108214e-09	 1.925274e-09	 8.233051e-10	 1.112066e-09	 1.827590e-08
7.75000	 0.000000e+00	 7.650104e-09	 6.512548e-10	 8.782699e-09	 1.203145e-09	 0.000000e+00	 2.370117e-09	 3.491307e-10	 5.074078e-10	 1.107282e-09	 3.211633e-09	 1.552121e-09	 1.344165e-09	 3.906175e-10	 2.189363e-09	 2.410505e-09	 3.373903e-09	 2.241543e-09	 9.717947e-10	 2.160688e-09	 2.604648e-09	 3.789223e-09	 2.495399e-09	 2.626918e-09	 2.134125e-09	 2.530482e-09	 5.532285e-09	 3.009488e-09	 1.923869e-09	 2.576129e-09	 5.062006e-09	 6.628012e-09	 4.862227e-09	 2.276791e-09	 2.625408e-09	 1.520447e-09	 7.880532e-10	 1.347266e-09	 4.455360e-09	 2.659691e-09	 9.947469e-10	 3.374030e-09	 2.774561e-09	 1.880337e-09	 2.264800e-09	 3.400428e-09	 1.794619e-09	 2.789927e-09	 2.074584e-09	 9.087012e-10	 2.750165e-09	 1.485588e-09	 9.134410e-10	 1.922040e-09	 2.350270e-09	 2.426294e-09	 3.396784e-09	 3.021395e-09	 2.605141e-09	 1.886094e-09	 2.074353e-09	 1.719768e-09	 2.263642e-09	 3.565924e-09	 2.344372e-09	 8.491917e-10	 2.761841e-09	 9.963367e-10	 1.285484e-09	 8.614810e-10	 7.498418e-10	 1.079615e-09	 1.117449e-09	 3.052012e-09	 1.739571e-09	 8.445234e-10	 8.504318e-10	 1.360340e-09	 7.126790e-10	 2.229467e-08
7.85000	 0.000000e+00	 0.000000e+00	 5.131102e-09	 4.936484e-10	 2.442072e-09	 2.519979e-09	 2.972385e-09	 5.419010e-10	 7.852907e-09	 0.000000e+00	 3.419949e-09	 3.469173e-09	 2.878148e-09	 1.245671e-09	 1.777780e-09	 1.407502e-09	 5.366521e-10	 2.863859e-09	 5.814472e-09	 3.031276e-09	 1.810041e-09	 7.688207e-10	 5.882765e-10	 1.885090e-09	 3.185292e-09	 3.455469e-09	 1.005023e-09	 5.694286e-10	 2.266644e-09	 1.265725e-09	 2.878630e-09	 1.962151e-09	 1.686611e-09	 1.621462e-09	 7.309913e-10	 7.695690e-10	 6.271136e-10	 2.327586e-10	 2.891725e-09	 1.704027e-09	 1.647252e-09	 8.581946e-10	 2.143442e-09	 1.378901e-09	 2.399434e-09	 2.418689e-09	 5.124589e-10	 1.396526e-09	 6.951044e-10	 1.279674e-09	 1.314967e-09	 1.579572e-09	 1.284038e-09	 7.402537e-10	 1.154659e-09	 7.837933e-10	 1.977536e-09	 1.312952e-09	 1.645310e-09	 1.743892e-09	 2.588207e-09	 1.567129e-09	 1.708300e-09	 2.830923e-09	 1.337981e-09	 2.200320e-09	 2.698283e-09	 1.112830e-09	 5.770570e-10	 6.562871e-10	 2.211359e-10	 8.282389e-10	 1.083724e-09	 1.743335e-09	 1.571653e-09	 1.022299e-09	 1.010408e-09	 6.990930e-10	 4.841612e-10	 1.518836e-08
7.95000	 0.000000e+00	 3.072110e-09	 6.911077e-10	 6.315296e-09	 3.468009e-09	 6.040164e-09	 5.533547e-09	 4.754665e-09	 6.231389e-09	 3.931781e-09	 9.134431e-09	 1.219791e-08	 6.879723e-09	 1.214627e-08	 1.265851e-08	 6.763879e-09	 7.148453e-09	 9.578123e-09	 6.420007e-09	 1.194056e-08	 1.042807e-08	 9.023883e-09	 1.448553e-08	 1.485145e-08	 8.932204e-09	 1.003019e-08	 8.031530e-09	 1.347029e-08	 9.166820e-09	 9.251117e-09	 1.576976e-08	 7.616224e-09	 6.653240e-09	 4.101946e-09	 3.673892e-09	 3.368818e-09	 3.470046e-09	 3.981501e-09	 5.576967e-09	 6.094966e-09	 7.208121e-09	 9.383855e-09	 8.068615e-09	 8.031390e-09	 5.233089e-09	 3.936116e-09	 9.989880e-09	 1.177490e-08	 8.362048e-09	 5.911218e-09	 7.953155e-09	 6.420204e-09	 6.444866e-09	 9.668387e-09	 9.913114e-09	 9.627422e-09	 9.239361e-09	 7.677091e-09	 5.609658e-09	 5.738838e-09	 5.303916e-09	 5.438566e-09	 8.741036e-09	 6.936564e-09	 7.736228e-09	 7.530687e-09	 8.856023e-09	 1.154792e-08	 7.041332e-09	 4.586840e-09	 4.964498e-09	 7.423245e-09	 6.265263e-09	 6.066932e-09	 6.376913e-09	 6.554291e-09	 5.651968e-09	 4.608392e-09	 3.159001e-09	 6.552305e-08
