5.000e-01	mua, coeficiente de absorcion [1/cm]
20.0000	mus, coeficiente de esparcimiento [1/cm]
0.7500	g, anisotropia [-]
1.3800	n1, indice de refracción del tejido
1.3300	n2, indice de refracción del medio externo
0	Fuente
0.1000	radius, radio del haz plano o radio 1/e del haz Gaussiano [cm]
0.0000	waist, ancho de 1/e del foco [cm]
0.0000	xs, posicion en x de la fuente isotropica [cm]
0.0000	ys, posicion y
0.0000	zs, posicion z
45	NR
45	NZ
0.05000	dr
0.05000	dz
1.0e+06	Nfotones
3.404093e-04	Specular reflectance
6.059409e-01	Absorbed fraction
3.937185e-01	Escaping fraction
0.0	0.03333	0.07778	0.12667	0.17619	0.22593	0.27576	0.32564	0.37556	0.42549	0.47544	0.52540	0.57536	0.62533	0.67531	0.72529	0.77527	0.82525	0.87524	0.92523	0.97521	1.02520	1.07519	1.12519	1.17518	1.22517	1.27516	1.32516	1.37515	1.42515	1.47514	1.52514	1.57513	1.62513	1.67512	1.72512	1.77512	1.82511	1.87511	1.92511	1.97511	2.02510	2.07510	2.12510	2.17510	2.22509
0.0	2.837271037129e+00	2.336953811824e+00	1.224698191435e+00	7.446462679198e-01	5.073583945696e-01	3.563517546198e-01	2.539067486792e-01	1.874123494076e-01	1.385077967625e-01	1.042573788328e-01	7.930216643965e-02	5.987584521932e-02	4.613443337909e-02	3.523727853215e-02	2.704886636659e-02	2.138624251760e-02	1.671028283420e-02	1.333799756992e-02	1.048201585202e-02	8.206160063923e-03	6.493859271241e-03	5.243889468917e-03	4.217972809725e-03	3.317935578346e-03	2.758771703886e-03	2.175204127124e-03	1.835790019333e-03	1.416233119117e-03	1.155141903678e-03	9.638361319446e-04	7.739716582300e-04	6.126961778441e-04	4.984318405261e-04	4.290723615234e-04	3.642935206625e-04	3.025196522307e-04	2.311915433680e-04	1.845981820279e-04	1.711218414483e-04	1.448408298898e-04	1.078352614220e-04	9.276931524317e-05	7.702311716961e-05	6.004524095654e-05	3.668664824123e-04
0.02500	 4.109754e+01	 3.808238e+01	 4.782315e+00	 2.420974e+00	 1.576070e+00	 1.080651e+00	 7.736540e-01	 5.614553e-01	 4.143085e-01	 3.096562e-01	 2.327025e-01	 1.751521e-01	 1.348120e-01	 1.017132e-01	 7.716126e-02	 6.070011e-02	 4.740801e-02	 3.740690e-02	 2.965569e-02	 2.308010e-02	 1.842001e-02	 1.460761e-02	 1.165610e-02	 9.569928e-03	 7.624663e-03	 6.129454e-03	 4.963026e-03	 3.967646e-03	 3.111510e-03	 2.588432e-03	 2.078853e-03	 1.701874e-03	 1.390852e-03	 1.181282e-03	 9.908842e-04	 7.812549e-04	 6.467974e-04	 5.253281e-04	 4.564934e-04	 3.679838e-04	 3.129321e-04	 2.695901e-04	 2.199904e-04	 1.776680e-04	 1.009724e-03
0.07500	 3.714096e+01	 3.171476e+01	 7.584138e+00	 3.318634e+00	 2.037196e+00	 1.373523e+00	 9.686544e-01	 6.993449e-01	 5.118362e-01	 3.824459e-01	 2.849137e-01	 2.171886e-01	 1.663962e-01	 1.269146e-01	 9.887071e-02	 7.547396e-02	 5.995758e-02	 4.749835e-02	 3.751882e-02	 2.961454e-02	 2.339254e-02	 1.890697e-02	 1.517141e-02	 1.214124e-02	 9.580923e-03	 7.730682e-03	 6.101352e-03	 5.126500e-03	 4.090158e-03	 3.252117e-03	 2.656161e-03	 2.167021e-03	 1.811298e-03	 1.504776e-03	 1.238605e-03	 1.022910e-03	 8.254074e-04	 6.795394e-04	 5.496247e-04	 4.594832e-04	 3.875561e-04	 3.211182e-04	 2.781492e-04	 2.426964e-04	 1.286583e-03
0.12500	 2.853252e+01	 2.311125e+01	 8.414011e+00	 3.982212e+00	 2.399911e+00	 1.594785e+00	 1.125481e+00	 8.066156e-01	 5.947771e-01	 4.401370e-01	 3.295493e-01	 2.509044e-01	 1.950848e-01	 1.494156e-01	 1.157935e-01	 8.996699e-02	 6.984047e-02	 5.499698e-02	 4.385317e-02	 3.508529e-02	 2.759665e-02	 2.233056e-02	 1.783629e-02	 1.421559e-02	 1.170029e-02	 9.330370e-03	 7.471939e-03	 6.004607e-03	 4.876363e-03	 3.982508e-03	 3.290097e-03	 2.661747e-03	 2.188191e-03	 1.756683e-03	 1.500718e-03	 1.190083e-03	 1.009778e-03	 8.348148e-04	 7.018274e-04	 5.861144e-04	 4.666800e-04	 4.025325e-04	 3.506075e-04	 2.839401e-04	 1.537413e-03
0.17500	 1.979632e+01	 1.593336e+01	 7.692223e+00	 4.107869e+00	 2.549527e+00	 1.709213e+00	 1.203242e+00	 8.740291e-01	 6.375529e-01	 4.810374e-01	 3.626936e-01	 2.756048e-01	 2.120125e-01	 1.640049e-01	 1.277278e-01	 1.006823e-01	 7.875160e-02	 6.240092e-02	 4.958668e-02	 3.974464e-02	 3.138705e-02	 2.503634e-02	 2.023695e-02	 1.645509e-02	 1.301727e-02	 1.085338e-02	 8.641801e-03	 6.956003e-03	 5.652034e-03	 4.614561e-03	 3.687019e-03	 3.134073e-03	 2.625913e-03	 2.153677e-03	 1.707974e-03	 1.476586e-03	 1.205940e-03	 9.750400e-04	 8.118537e-04	 6.826958e-04	 5.319519e-04	 4.564652e-04	 3.899665e-04	 3.065845e-04	 1.808633e-03
0.22500	 1.314931e+01	 1.079794e+01	 6.282265e+00	 3.795280e+00	 2.477654e+00	 1.705348e+00	 1.218759e+00	 8.865586e-01	 6.582993e-01	 4.981772e-01	 3.809628e-01	 2.909378e-01	 2.260609e-01	 1.740636e-01	 1.368403e-01	 1.080499e-01	 8.434502e-02	 6.770843e-02	 5.341825e-02	 4.296744e-02	 3.458473e-02	 2.748113e-02	 2.229078e-02	 1.806621e-02	 1.446848e-02	 1.161617e-02	 9.496718e-03	 7.787678e-03	 6.356159e-03	 5.234149e-03	 4.207035e-03	 3.579103e-03	 2.881215e-03	 2.376718e-03	 1.946003e-03	 1.646021e-03	 1.299690e-03	 1.105704e-03	 9.032165e-04	 7.472631e-04	 6.200916e-04	 5.067360e-04	 4.340134e-04	 3.694016e-04	 2.040770e-03
0.27500	 8.777175e+00	 7.322534e+00	 4.922473e+00	 3.263201e+00	 2.258669e+00	 1.617406e+00	 1.176649e+00	 8.748892e-01	 6.524130e-01	 4.992770e-01	 3.845865e-01	 2.975163e-01	 2.325011e-01	 1.820005e-01	 1.427184e-01	 1.126804e-01	 8.920801e-02	 7.166003e-02	 5.665931e-02	 4.552908e-02	 3.626185e-02	 2.935247e-02	 2.390394e-02	 1.898740e-02	 1.533157e-02	 1.241466e-02	 9.895407e-03	 8.328976e-03	 6.773033e-03	 5.647271e-03	 4.596252e-03	 3.738121e-03	 3.057555e-03	 2.560552e-03	 2.164479e-03	 1.766204e-03	 1.420225e-03	 1.140675e-03	 1.031504e-03	 8.381934e-04	 6.873796e-04	 5.723857e-04	 4.824933e-04	 3.945985e-04	 2.219792e-03
0.32500	 5.786646e+00	 5.008107e+00	 3.729091e+00	 2.704071e+00	 1.972872e+00	 1.459310e+00	 1.093773e+00	 8.245643e-01	 6.296887e-01	 4.850523e-01	 3.781084e-01	 2.935235e-01	 2.294812e-01	 1.813644e-01	 1.432086e-01	 1.149583e-01	 9.145006e-02	 7.274498e-02	 5.805287e-02	 4.647327e-02	 3.764951e-02	 3.002924e-02	 2.447942e-02	 1.976796e-02	 1.627563e-02	 1.326430e-02	 1.065162e-02	 8.796223e-03	 7.147358e-03	 5.955829e-03	 4.944500e-03	 3.994938e-03	 3.255423e-03	 2.740703e-03	 2.238961e-03	 1.877230e-03	 1.591887e-03	 1.307209e-03	 1.083649e-03	 9.148803e-04	 7.288874e-04	 6.032758e-04	 5.178148e-04	 4.236148e-04	 2.430724e-03
0.37500	 3.917116e+00	 3.543382e+00	 2.786046e+00	 2.165916e+00	 1.660581e+00	 1.268353e+00	 9.760378e-01	 7.507155e-01	 5.861428e-01	 4.619688e-01	 3.600288e-01	 2.826909e-01	 2.225426e-01	 1.785812e-01	 1.417372e-01	 1.130789e-01	 9.211274e-02	 7.230194e-02	 5.904527e-02	 4.765682e-02	 3.864117e-02	 3.151641e-02	 2.501152e-02	 2.063592e-02	 1.676879e-02	 1.384591e-02	 1.110527e-02	 9.174811e-03	 7.560469e-03	 6.394498e-03	 5.171110e-03	 4.222162e-03	 3.561314e-03	 3.006938e-03	 2.348246e-03	 1.956754e-03	 1.644134e-03	 1.400006e-03	 1.147357e-03	 9.796479e-04	 8.016714e-04	 6.433119e-04	 5.552581e-04	 4.388683e-04	 2.631172e-03
0.42500	 2.728051e+00	 2.492519e+00	 2.111763e+00	 1.707575e+00	 1.357376e+00	 1.082869e+00	 8.529426e-01	 6.743425e-01	 5.341865e-01	 4.243520e-01	 3.383446e-01	 2.684754e-01	 2.149738e-01	 1.715664e-01	 1.377994e-01	 1.103668e-01	 8.969352e-02	 7.232074e-02	 5.871359e-02	 4.738076e-02	 3.885755e-02	 3.137757e-02	 2.540550e-02	 2.081902e-02	 1.719656e-02	 1.398791e-02	 1.168133e-02	 9.578070e-03	 7.811559e-03	 6.463518e-03	 5.205269e-03	 4.404647e-03	 3.631757e-03	 2.937149e-03	 2.464283e-03	 2.023250e-03	 1.708553e-03	 1.415821e-03	 1.155163e-03	 9.979290e-04	 8.512896e-04	 6.703184e-04	 5.655648e-04	 4.643669e-04	 2.777783e-03
0.47500	 1.936368e+00	 1.804684e+00	 1.584678e+00	 1.347438e+00	 1.110063e+00	 9.056096e-01	 7.316947e-01	 5.923672e-01	 4.765019e-01	 3.828877e-01	 3.091365e-01	 2.481700e-01	 2.024097e-01	 1.630093e-01	 1.314588e-01	 1.060510e-01	 8.608409e-02	 7.028942e-02	 5.686051e-02	 4.684518e-02	 3.806789e-02	 3.122017e-02	 2.528941e-02	 2.105594e-02	 1.719286e-02	 1.402454e-02	 1.172763e-02	 9.666697e-03	 8.067668e-03	 6.582538e-03	 5.413476e-03	 4.601375e-03	 3.751474e-03	 3.121910e-03	 2.571505e-03	 2.093341e-03	 1.755079e-03	 1.470519e-03	 1.225211e-03	 1.003400e-03	 8.424448e-04	 6.860256e-04	 5.812447e-04	 4.657613e-04	 2.910851e-03
0.52500	 1.413328e+00	 1.308780e+00	 1.207862e+00	 1.050416e+00	 8.906927e-01	 7.479711e-01	 6.206317e-01	 5.167742e-01	 4.176336e-01	 3.405042e-01	 2.806515e-01	 2.280205e-01	 1.860917e-01	 1.511210e-01	 1.232925e-01	 9.934598e-02	 8.195478e-02	 6.737311e-02	 5.498186e-02	 4.508650e-02	 3.725704e-02	 3.035442e-02	 2.503639e-02	 2.057842e-02	 1.682561e-02	 1.399416e-02	 1.148949e-02	 9.635124e-03	 8.033604e-03	 6.614885e-03	 5.511152e-03	 4.554517e-03	 3.799607e-03	 3.136200e-03	 2.577753e-03	 2.128040e-03	 1.810254e-03	 1.536284e-03	 1.217783e-03	 1.026561e-03	 8.551996e-04	 7.068576e-04	 5.922498e-04	 4.891550e-04	 2.998402e-03
0.57500	 1.057247e+00	 9.984843e-01	 9.232427e-01	 8.246313e-01	 7.140660e-01	 6.147976e-01	 5.218307e-01	 4.348203e-01	 3.653425e-01	 3.031446e-01	 2.485909e-01	 2.067047e-01	 1.700157e-01	 1.396320e-01	 1.145866e-01	 9.348388e-02	 7.769905e-02	 6.383849e-02	 5.285659e-02	 4.320263e-02	 3.564236e-02	 2.938356e-02	 2.421745e-02	 2.008328e-02	 1.662047e-02	 1.370568e-02	 1.153607e-02	 9.489054e-03	 7.717753e-03	 6.544626e-03	 5.412068e-03	 4.479700e-03	 3.806234e-03	 3.105846e-03	 2.630625e-03	 2.181043e-03	 1.838051e-03	 1.518401e-03	 1.252735e-03	 1.079150e-03	 8.761062e-04	 7.151229e-04	 6.079293e-04	 5.087442e-04	 3.066848e-03
0.62500	 7.942355e-01	 7.583680e-01	 7.117019e-01	 6.494439e-01	 5.767103e-01	 5.032439e-01	 4.331418e-01	 3.710215e-01	 3.141828e-01	 2.609733e-01	 2.201786e-01	 1.826286e-01	 1.536948e-01	 1.277170e-01	 1.034435e-01	 8.689480e-02	 7.182545e-02	 6.065813e-02	 5.001929e-02	 4.165124e-02	 3.397292e-02	 2.793908e-02	 2.336510e-02	 1.930971e-02	 1.632468e-02	 1.334463e-02	 1.110684e-02	 9.239193e-03	 7.778820e-03	 6.410263e-03	 5.344791e-03	 4.488616e-03	 3.743601e-03	 3.113829e-03	 2.628857e-03	 2.134390e-03	 1.819177e-03	 1.518239e-03	 1.314958e-03	 1.085718e-03	 9.256299e-04	 7.268295e-04	 6.216150e-04	 5.011173e-04	 3.152457e-03
0.67500	 6.107528e-01	 5.832406e-01	 5.618436e-01	 5.073704e-01	 4.623250e-01	 4.104032e-01	 3.589525e-01	 3.118540e-01	 2.683525e-01	 2.256356e-01	 1.930704e-01	 1.622779e-01	 1.367295e-01	 1.147102e-01	 9.564312e-02	 8.010936e-02	 6.646131e-02	 5.538407e-02	 4.644554e-02	 3.881621e-02	 3.202213e-02	 2.673776e-02	 2.246214e-02	 1.871909e-02	 1.567549e-02	 1.283206e-02	 1.073130e-02	 9.097598e-03	 7.445226e-03	 6.275712e-03	 5.126885e-03	 4.390430e-03	 3.735854e-03	 3.096887e-03	 2.628855e-03	 2.120333e-03	 1.816057e-03	 1.502169e-03	 1.291891e-03	 1.082289e-03	 9.055418e-04	 7.658073e-04	 6.219345e-04	 5.228296e-04	 3.138401e-03
0.72500	 4.691456e-01	 4.562702e-01	 4.413358e-01	 4.039393e-01	 3.709894e-01	 3.336655e-01	 2.965337e-01	 2.631022e-01	 2.301624e-01	 1.950350e-01	 1.654749e-01	 1.425079e-01	 1.216897e-01	 1.026730e-01	 8.656249e-02	 7.274339e-02	 6.073566e-02	 5.124569e-02	 4.331574e-02	 3.628103e-02	 3.016295e-02	 2.507577e-02	 2.107210e-02	 1.773583e-02	 1.479227e-02	 1.243678e-02	 1.042854e-02	 8.771746e-03	 7.213197e-03	 6.128514e-03	 5.003099e-03	 4.244423e-03	 3.666750e-03	 3.029909e-03	 2.568999e-03	 2.090522e-03	 1.752044e-03	 1.476781e-03	 1.246602e-03	 1.049833e-03	 8.835301e-04	 7.671376e-04	 6.339169e-04	 5.410057e-04	 3.181582e-03
0.77500	 3.761631e-01	 3.688113e-01	 3.456280e-01	 3.229310e-01	 3.013836e-01	 2.759464e-01	 2.457878e-01	 2.184577e-01	 1.930164e-01	 1.671541e-01	 1.443740e-01	 1.241567e-01	 1.064668e-01	 9.116002e-02	 7.747101e-02	 6.583291e-02	 5.579392e-02	 4.638655e-02	 3.965095e-02	 3.252281e-02	 2.751750e-02	 2.375467e-02	 1.999011e-02	 1.664791e-02	 1.406853e-02	 1.178162e-02	 9.815152e-03	 8.174964e-03	 6.942926e-03	 5.893008e-03	 4.891020e-03	 4.134715e-03	 3.423456e-03	 2.925400e-03	 2.438030e-03	 2.047591e-03	 1.737135e-03	 1.410049e-03	 1.193148e-03	 1.048348e-03	 8.774812e-04	 7.619249e-04	 6.192199e-04	 5.161648e-04	 3.166920e-03
0.82500	 3.063257e-01	 2.897942e-01	 2.792118e-01	 2.600626e-01	 2.468279e-01	 2.258678e-01	 2.061632e-01	 1.807782e-01	 1.609688e-01	 1.419221e-01	 1.248172e-01	 1.069428e-01	 9.317072e-02	 7.988215e-02	 6.896961e-02	 5.861205e-02	 5.027159e-02	 4.230280e-02	 3.596801e-02	 3.091729e-02	 2.552181e-02	 2.204266e-02	 1.859918e-02	 1.571060e-02	 1.296843e-02	 1.109357e-02	 9.185109e-03	 7.764633e-03	 6.707960e-03	 5.515957e-03	 4.666178e-03	 3.930251e-03	 3.295313e-03	 2.779062e-03	 2.392991e-03	 1.936764e-03	 1.674686e-03	 1.388247e-03	 1.183831e-03	 9.913492e-04	 8.417558e-04	 7.308664e-04	 6.212013e-04	 5.035202e-04	 3.164747e-03
0.87500	 2.356157e-01	 2.379827e-01	 2.236814e-01	 2.094765e-01	 1.999674e-01	 1.854583e-01	 1.701596e-01	 1.502650e-01	 1.336240e-01	 1.194673e-01	 1.069810e-01	 9.207438e-02	 8.120164e-02	 7.099430e-02	 6.076267e-02	 5.204822e-02	 4.505159e-02	 3.831598e-02	 3.309090e-02	 2.823901e-02	 2.419293e-02	 2.028976e-02	 1.710739e-02	 1.420495e-02	 1.227556e-02	 1.038884e-02	 8.418858e-03	 7.333989e-03	 6.174802e-03	 5.250350e-03	 4.503801e-03	 3.742114e-03	 3.113649e-03	 2.692106e-03	 2.300812e-03	 1.896659e-03	 1.653897e-03	 1.327365e-03	 1.120986e-03	 9.516060e-04	 8.135773e-04	 6.905316e-04	 5.934771e-04	 5.042207e-04	 3.156980e-03
0.92500	 1.955544e-01	 1.879136e-01	 1.820645e-01	 1.751376e-01	 1.619348e-01	 1.500959e-01	 1.395960e-01	 1.261824e-01	 1.144876e-01	 1.016323e-01	 8.949729e-02	 7.982113e-02	 6.914810e-02	 6.115344e-02	 5.377590e-02	 4.639969e-02	 4.010443e-02	 3.415263e-02	 2.979834e-02	 2.545266e-02	 2.164389e-02	 1.861855e-02	 1.566669e-02	 1.315491e-02	 1.122338e-02	 9.542849e-03	 8.038255e-03	 6.805970e-03	 5.894966e-03	 4.902884e-03	 4.174923e-03	 3.559044e-03	 2.990787e-03	 2.534676e-03	 2.187464e-03	 1.837149e-03	 1.547745e-03	 1.298931e-03	 1.074149e-03	 9.577159e-04	 7.839523e-04	 6.703389e-04	 5.872757e-04	 5.107379e-04	 3.013840e-03
0.97500	 1.527423e-01	 1.563270e-01	 1.472622e-01	 1.440971e-01	 1.337440e-01	 1.260446e-01	 1.144251e-01	 1.056153e-01	 9.647214e-02	 8.513372e-02	 7.673432e-02	 6.896347e-02	 6.058776e-02	 5.247906e-02	 4.666266e-02	 4.058001e-02	 3.523511e-02	 3.069187e-02	 2.678973e-02	 2.293997e-02	 1.948790e-02	 1.656615e-02	 1.420106e-02	 1.226765e-02	 1.043489e-02	 8.773496e-03	 7.461429e-03	 6.417710e-03	 5.455533e-03	 4.655732e-03	 4.032752e-03	 3.319248e-03	 2.885895e-03	 2.394870e-03	 2.003189e-03	 1.748185e-03	 1.459347e-03	 1.249141e-03	 1.027837e-03	 9.039471e-04	 7.650191e-04	 6.310191e-04	 5.449326e-04	 4.702924e-04	 2.942171e-03
1.02500	 1.188260e-01	 1.255320e-01	 1.219286e-01	 1.137876e-01	 1.091794e-01	 1.039361e-01	 9.703442e-02	 8.902247e-02	 8.163979e-02	 7.268931e-02	 6.581179e-02	 5.913118e-02	 5.253060e-02	 4.662873e-02	 4.108775e-02	 3.553406e-02	 3.108984e-02	 2.700667e-02	 2.342466e-02	 2.038496e-02	 1.754492e-02	 1.505916e-02	 1.309107e-02	 1.119023e-02	 9.510432e-03	 8.045368e-03	 6.940808e-03	 6.069097e-03	 5.144168e-03	 4.348464e-03	 3.648317e-03	 3.137212e-03	 2.663292e-03	 2.333455e-03	 1.924270e-03	 1.627253e-03	 1.388529e-03	 1.181842e-03	 1.002539e-03	 8.454397e-04	 7.436690e-04	 6.197727e-04	 5.329407e-04	 4.701872e-04	 2.842044e-03
1.07500	 9.435912e-02	 1.011323e-01	 9.793834e-02	 9.415108e-02	 8.982436e-02	 8.503272e-02	 8.004189e-02	 7.499445e-02	 6.827691e-02	 6.165693e-02	 5.590759e-02	 4.990514e-02	 4.486112e-02	 3.977387e-02	 3.547682e-02	 3.091516e-02	 2.739880e-02	 2.385195e-02	 2.087412e-02	 1.810208e-02	 1.568014e-02	 1.356305e-02	 1.171995e-02	 1.009321e-02	 8.608375e-03	 7.518401e-03	 6.482206e-03	 5.576878e-03	 4.622041e-03	 3.977622e-03	 3.416389e-03	 2.890245e-03	 2.477562e-03	 2.154866e-03	 1.836959e-03	 1.575677e-03	 1.370176e-03	 1.132807e-03	 9.588171e-04	 8.460097e-04	 6.990045e-04	 6.266437e-04	 5.080534e-04	 4.197015e-04	 2.741681e-03
1.12500	 8.142266e-02	 8.059032e-02	 8.029934e-02	 7.825304e-02	 7.336483e-02	 7.061940e-02	 6.639749e-02	 6.235811e-02	 5.630151e-02	 5.220107e-02	 4.818585e-02	 4.230706e-02	 3.839823e-02	 3.411919e-02	 3.057867e-02	 2.680739e-02	 2.375303e-02	 2.110422e-02	 1.812864e-02	 1.623802e-02	 1.413827e-02	 1.211684e-02	 1.053282e-02	 9.174721e-03	 7.906610e-03	 6.790675e-03	 5.770264e-03	 5.080201e-03	 4.296489e-03	 3.642128e-03	 3.173078e-03	 2.726722e-03	 2.318084e-03	 2.014405e-03	 1.682003e-03	 1.471457e-03	 1.237307e-03	 1.096273e-03	 9.161938e-04	 7.851458e-04	 6.553917e-04	 5.664591e-04	 4.886782e-04	 4.169853e-04	 2.656518e-03
1.17500	 6.605302e-02	 6.731327e-02	 6.770175e-02	 6.428953e-02	 6.218052e-02	 5.833452e-02	 5.549569e-02	 5.178371e-02	 4.732045e-02	 4.475202e-02	 4.036183e-02	 3.654722e-02	 3.300422e-02	 2.993094e-02	 2.651643e-02	 2.386360e-02	 2.089979e-02	 1.844650e-02	 1.611090e-02	 1.402508e-02	 1.226686e-02	 1.091163e-02	 9.523391e-03	 8.276367e-03	 7.269999e-03	 6.139053e-03	 5.355749e-03	 4.642649e-03	 3.932868e-03	 3.372431e-03	 2.963992e-03	 2.476563e-03	 2.169739e-03	 1.837990e-03	 1.597275e-03	 1.379790e-03	 1.184572e-03	 1.002938e-03	 8.857567e-04	 7.183002e-04	 6.355020e-04	 5.403001e-04	 4.669048e-04	 3.938318e-04	 2.562118e-03
1.22500	 5.814521e-02	 5.685725e-02	 5.530762e-02	 5.510799e-02	 5.147938e-02	 4.875201e-02	 4.651236e-02	 4.328210e-02	 4.013470e-02	 3.689643e-02	 3.460185e-02	 3.119021e-02	 2.855943e-02	 2.572395e-02	 2.306942e-02	 2.035202e-02	 1.783849e-02	 1.593540e-02	 1.414720e-02	 1.242341e-02	 1.095409e-02	 9.767265e-03	 8.410626e-03	 7.386507e-03	 6.460450e-03	 5.697328e-03	 4.850543e-03	 4.175491e-03	 3.590960e-03	 3.071414e-03	 2.720467e-03	 2.310788e-03	 2.004920e-03	 1.678668e-03	 1.498782e-03	 1.289733e-03	 1.108996e-03	 9.385075e-04	 7.988239e-04	 6.944367e-04	 6.014055e-04	 5.280122e-04	 4.589476e-04	 3.736342e-04	 2.475290e-03
1.27500	 4.965985e-02	 4.795683e-02	 4.416740e-02	 4.475621e-02	 4.286366e-02	 3.964953e-02	 3.865412e-02	 3.626497e-02	 3.361848e-02	 3.192500e-02	 2.975796e-02	 2.654751e-02	 2.424693e-02	 2.193860e-02	 1.999912e-02	 1.759547e-02	 1.578816e-02	 1.408820e-02	 1.236776e-02	 1.105423e-02	 9.585336e-03	 8.672544e-03	 7.462252e-03	 6.575896e-03	 5.723759e-03	 5.101705e-03	 4.387075e-03	 3.847426e-03	 3.238546e-03	 2.848957e-03	 2.433866e-03	 2.086062e-03	 1.800247e-03	 1.569497e-03	 1.354681e-03	 1.208696e-03	 1.021817e-03	 8.515093e-04	 7.348098e-04	 6.697376e-04	 5.845653e-04	 4.671943e-04	 3.970226e-04	 3.493080e-04	 2.377219e-03
1.32500	 4.041195e-02	 3.945857e-02	 3.793263e-02	 3.710388e-02	 3.604556e-02	 3.361207e-02	 3.211957e-02	 3.053555e-02	 2.847686e-02	 2.670357e-02	 2.459589e-02	 2.270209e-02	 2.064633e-02	 1.886003e-02	 1.701790e-02	 1.549303e-02	 1.387447e-02	 1.233718e-02	 1.099654e-02	 9.693055e-03	 8.431453e-03	 7.418497e-03	 6.642032e-03	 5.883949e-03	 5.108623e-03	 4.594790e-03	 3.926766e-03	 3.438643e-03	 3.054176e-03	 2.658123e-03	 2.245736e-03	 1.917686e-03	 1.681283e-03	 1.435696e-03	 1.287395e-03	 1.124560e-03	 9.488188e-04	 8.317340e-04	 7.028031e-04	 6.112548e-04	 5.379808e-04	 4.546188e-04	 3.771420e-04	 3.420653e-04	 2.266077e-03
1.37500	 3.683179e-02	 3.304440e-02	 3.194297e-02	 3.140222e-02	 2.921129e-02	 2.855799e-02	 2.722177e-02	 2.582381e-02	 2.444271e-02	 2.228289e-02	 2.099465e-02	 1.905306e-02	 1.758480e-02	 1.603631e-02	 1.473264e-02	 1.347908e-02	 1.210411e-02	 1.049978e-02	 9.504847e-03	 8.522030e-03	 7.650058e-03	 6.643843e-03	 6.069538e-03	 5.316443e-03	 4.645911e-03	 4.131573e-03	 3.525538e-03	 3.140685e-03	 2.735235e-03	 2.385135e-03	 2.097015e-03	 1.770772e-03	 1.549005e-03	 1.348216e-03	 1.146001e-03	 9.833698e-04	 8.845572e-04	 7.358208e-04	 6.389285e-04	 5.530324e-04	 4.714497e-04	 4.115222e-04	 3.653757e-04	 3.168017e-04	 2.169863e-03
1.42500	 2.843172e-02	 2.795422e-02	 2.681291e-02	 2.633742e-02	 2.450225e-02	 2.375103e-02	 2.209366e-02	 2.210745e-02	 2.044518e-02	 1.886685e-02	 1.745322e-02	 1.643999e-02	 1.488597e-02	 1.364832e-02	 1.254883e-02	 1.178393e-02	 1.033213e-02	 9.145460e-03	 8.410960e-03	 7.678531e-03	 6.835948e-03	 6.003406e-03	 5.385886e-03	 4.727117e-03	 4.155271e-03	 3.616946e-03	 3.130368e-03	 2.791304e-03	 2.370510e-03	 2.124602e-03	 1.882250e-03	 1.642397e-03	 1.414567e-03	 1.230654e-03	 1.075731e-03	 9.394116e-04	 8.107549e-04	 7.018301e-04	 6.085840e-04	 5.080325e-04	 4.320037e-04	 3.824661e-04	 3.407229e-04	 3.024021e-04	 2.049383e-03
1.47500	 2.187850e-02	 2.280453e-02	 2.303826e-02	 2.165383e-02	 2.116541e-02	 2.015063e-02	 1.945065e-02	 1.790672e-02	 1.704405e-02	 1.600224e-02	 1.465602e-02	 1.371329e-02	 1.277115e-02	 1.183075e-02	 1.087178e-02	 9.964966e-03	 8.789062e-03	 8.052445e-03	 7.233033e-03	 6.579811e-03	 5.911490e-03	 5.127543e-03	 4.675451e-03	 4.094138e-03	 3.680409e-03	 3.251245e-03	 2.812572e-03	 2.522748e-03	 2.185189e-03	 1.867712e-03	 1.644035e-03	 1.505680e-03	 1.295933e-03	 1.127537e-03	 9.884534e-04	 8.572258e-04	 7.210513e-04	 6.267342e-04	 5.329330e-04	 4.949750e-04	 4.019819e-04	 3.605805e-04	 3.068105e-04	 2.798558e-04	 1.946671e-03
1.52500	 1.728464e-02	 1.865535e-02	 1.827499e-02	 1.823246e-02	 1.744469e-02	 1.636501e-02	 1.618785e-02	 1.473927e-02	 1.418173e-02	 1.390897e-02	 1.284763e-02	 1.185118e-02	 1.079291e-02	 1.018700e-02	 9.214239e-03	 8.418732e-03	 7.783116e-03	 7.047079e-03	 6.443930e-03	 5.856344e-03	 5.209489e-03	 4.557756e-03	 4.076669e-03	 3.604985e-03	 3.183731e-03	 2.826961e-03	 2.591406e-03	 2.265135e-03	 1.943208e-03	 1.768339e-03	 1.546448e-03	 1.325585e-03	 1.166790e-03	 1.022052e-03	 8.881452e-04	 7.745635e-04	 6.805159e-04	 5.844984e-04	 4.949879e-04	 4.255467e-04	 3.744983e-04	 3.460742e-04	 2.871940e-04	 2.583021e-04	 1.804949e-03
1.57500	 1.568809e-02	 1.523725e-02	 1.536378e-02	 1.488425e-02	 1.438660e-02	 1.384646e-02	 1.341742e-02	 1.294044e-02	 1.238442e-02	 1.135671e-02	 1.064702e-02	 9.966711e-03	 9.467218e-03	 9.004401e-03	 7.873375e-03	 7.350585e-03	 6.690153e-03	 6.188708e-03	 5.646310e-03	 5.077491e-03	 4.522946e-03	 3.996869e-03	 3.582328e-03	 3.177188e-03	 2.847885e-03	 2.460375e-03	 2.246291e-03	 1.973557e-03	 1.736567e-03	 1.569680e-03	 1.342093e-03	 1.202814e-03	 1.029293e-03	 8.970944e-04	 7.956846e-04	 6.915598e-04	 6.022566e-04	 5.480738e-04	 4.684901e-04	 4.037962e-04	 3.614689e-04	 3.103558e-04	 2.572270e-04	 2.364370e-04	 1.684742e-03
1.62500	 1.285072e-02	 1.311823e-02	 1.316422e-02	 1.248069e-02	 1.216474e-02	 1.182200e-02	 1.151170e-02	 1.094695e-02	 1.040127e-02	 1.010790e-02	 9.176486e-03	 8.631669e-03	 8.135346e-03	 7.235622e-03	 6.708163e-03	 6.151981e-03	 5.749159e-03	 5.262482e-03	 4.778298e-03	 4.207061e-03	 3.911628e-03	 3.467242e-03	 3.154762e-03	 2.777387e-03	 2.558805e-03	 2.191157e-03	 2.004089e-03	 1.752790e-03	 1.533919e-03	 1.383883e-03	 1.240363e-03	 1.092404e-03	 9.662650e-04	 8.409437e-04	 7.333168e-04	 6.135142e-04	 5.593620e-04	 4.857368e-04	 4.410822e-04	 3.853361e-04	 3.433061e-04	 2.901588e-04	 2.413451e-04	 2.190007e-04	 1.565944e-03
1.67500	 1.061390e-02	 1.067840e-02	 1.031495e-02	 9.952988e-03	 9.817152e-03	 9.747635e-03	 9.221602e-03	 9.268112e-03	 8.748662e-03	 8.492650e-03	 7.985176e-03	 7.485738e-03	 7.021577e-03	 6.478115e-03	 5.871459e-03	 5.483098e-03	 5.073798e-03	 4.613711e-03	 4.110792e-03	 3.799544e-03	 3.355557e-03	 3.105124e-03	 2.821851e-03	 2.514313e-03	 2.222574e-03	 1.967245e-03	 1.809725e-03	 1.534095e-03	 1.412050e-03	 1.297873e-03	 1.077404e-03	 9.928475e-04	 8.650346e-04	 7.485487e-04	 6.624390e-04	 5.828906e-04	 5.098684e-04	 4.563845e-04	 3.871167e-04	 3.496185e-04	 3.030475e-04	 2.564177e-04	 2.265775e-04	 2.014870e-04	 1.472061e-03
1.72500	 8.746455e-03	 8.766957e-03	 8.933380e-03	 8.327549e-03	 8.291455e-03	 8.225742e-03	 7.826868e-03	 7.765334e-03	 7.593634e-03	 7.201660e-03	 6.778395e-03	 6.231453e-03	 5.937437e-03	 5.367757e-03	 5.004480e-03	 4.755398e-03	 4.343754e-03	 3.997948e-03	 3.690272e-03	 3.348130e-03	 2.984204e-03	 2.646750e-03	 2.494612e-03	 2.258309e-03	 1.988133e-03	 1.765627e-03	 1.599659e-03	 1.412681e-03	 1.249238e-03	 1.104817e-03	 1.007002e-03	 8.818777e-04	 8.018374e-04	 6.804136e-04	 5.986515e-04	 5.192691e-04	 4.702531e-04	 4.036306e-04	 3.709720e-04	 3.267620e-04	 2.712362e-04	 2.444326e-04	 2.114517e-04	 1.789777e-04	 1.374233e-03
1.77500	 8.563484e-03	 7.800013e-03	 7.740909e-03	 7.203780e-03	 7.013659e-03	 7.013543e-03	 6.724192e-03	 6.454436e-03	 6.309988e-03	 5.960606e-03	 5.717027e-03	 5.345820e-03	 5.052370e-03	 4.882696e-03	 4.208750e-03	 3.981669e-03	 3.869111e-03	 3.550784e-03	 3.166833e-03	 2.880795e-03	 2.645308e-03	 2.358653e-03	 2.178533e-03	 1.954939e-03	 1.681965e-03	 1.507410e-03	 1.385568e-03	 1.249151e-03	 1.103192e-03	 1.003279e-03	 8.662983e-04	 7.638414e-04	 7.048863e-04	 6.224208e-04	 5.285640e-04	 5.007666e-04	 4.137468e-04	 3.781177e-04	 3.212608e-04	 2.800406e-04	 2.492263e-04	 2.145154e-04	 1.946757e-04	 1.663840e-04	 1.275720e-03
1.82500	 5.570600e-03	 6.510110e-03	 6.257464e-03	 6.059203e-03	 5.799100e-03	 6.026536e-03	 5.555624e-03	 5.370120e-03	 5.287651e-03	 5.102433e-03	 4.771380e-03	 4.552524e-03	 4.325179e-03	 3.941019e-03	 3.728795e-03	 3.475359e-03	 3.376548e-03	 2.988372e-03	 2.708717e-03	 2.497841e-03	 2.287764e-03	 2.076707e-03	 1.876206e-03	 1.695704e-03	 1.489367e-03	 1.352965e-03	 1.222968e-03	 1.070618e-03	 9.757014e-04	 8.744642e-04	 7.579406e-04	 6.772313e-04	 6.133277e-04	 5.474847e-04	 4.841376e-04	 4.307296e-04	 3.851548e-04	 3.288173e-04	 3.039040e-04	 2.500479e-04	 2.281987e-04	 1.938096e-04	 1.773620e-04	 1.594914e-04	 1.190755e-03
1.87500	 5.539982e-03	 5.437724e-03	 5.347597e-03	 5.549468e-03	 5.156669e-03	 5.044467e-03	 4.898691e-03	 4.575864e-03	 4.370814e-03	 4.192999e-03	 3.997033e-03	 3.863419e-03	 3.700684e-03	 3.486273e-03	 3.241719e-03	 3.030567e-03	 2.838509e-03	 2.591001e-03	 2.319811e-03	 2.166112e-03	 2.010341e-03	 1.793823e-03	 1.643009e-03	 1.472528e-03	 1.300106e-03	 1.137659e-03	 1.069410e-03	 9.504123e-04	 8.346162e-04	 7.679450e-04	 6.868219e-04	 6.174592e-04	 5.453326e-04	 4.993347e-04	 4.335470e-04	 3.905665e-04	 3.679574e-04	 3.132338e-04	 2.637538e-04	 2.288275e-04	 1.983973e-04	 1.825222e-04	 1.703502e-04	 1.383789e-04	 1.103266e-03
1.92500	 4.791935e-03	 4.666207e-03	 4.721204e-03	 4.598238e-03	 4.370138e-03	 4.259794e-03	 4.067222e-03	 3.845007e-03	 3.851271e-03	 3.537966e-03	 3.376521e-03	 3.340463e-03	 3.065487e-03	 2.914521e-03	 2.675532e-03	 2.592095e-03	 2.456613e-03	 2.243033e-03	 2.071832e-03	 1.903199e-03	 1.630484e-03	 1.548224e-03	 1.422967e-03	 1.307720e-03	 1.167966e-03	 1.036994e-03	 9.328597e-04	 8.637372e-04	 7.457146e-04	 6.781838e-04	 6.139300e-04	 5.499832e-04	 4.800808e-04	 4.294416e-04	 3.890795e-04	 3.358044e-04	 3.112933e-04	 2.843937e-04	 2.395901e-04	 2.130488e-04	 1.895062e-04	 1.680516e-04	 1.466681e-04	 1.238056e-04	 1.019701e-03
1.97500	 4.134022e-03	 3.819171e-03	 3.923795e-03	 3.922100e-03	 3.861420e-03	 3.711481e-03	 3.418297e-03	 3.324947e-03	 3.068853e-03	 3.113406e-03	 2.858827e-03	 2.797159e-03	 2.688741e-03	 2.468587e-03	 2.340901e-03	 2.218044e-03	 2.110954e-03	 1.894659e-03	 1.770805e-03	 1.588537e-03	 1.435824e-03	 1.325752e-03	 1.259568e-03	 1.146368e-03	 1.005002e-03	 9.232211e-04	 8.478396e-04	 7.536494e-04	 6.553639e-04	 6.014173e-04	 5.446684e-04	 4.855983e-04	 4.326502e-04	 3.868713e-04	 3.435998e-04	 3.111138e-04	 2.841491e-04	 2.316440e-04	 2.027295e-04	 1.791951e-04	 1.598638e-04	 1.570752e-04	 1.332983e-04	 1.197199e-04	 9.357543e-04
2.02500	 3.059891e-03	 3.397652e-03	 3.266208e-03	 3.151576e-03	 3.150863e-03	 3.050325e-03	 2.896523e-03	 2.925474e-03	 2.801790e-03	 2.539958e-03	 2.565002e-03	 2.417637e-03	 2.319575e-03	 2.115623e-03	 1.970247e-03	 1.880912e-03	 1.761595e-03	 1.668916e-03	 1.505102e-03	 1.375303e-03	 1.316038e-03	 1.201221e-03	 1.043317e-03	 9.869347e-04	 9.164353e-04	 8.296948e-04	 7.093004e-04	 6.530460e-04	 5.939465e-04	 5.370998e-04	 4.749374e-04	 4.399232e-04	 3.774226e-04	 3.508123e-04	 3.269825e-04	 2.812061e-04	 2.498515e-04	 2.199706e-04	 1.879221e-04	 1.682747e-04	 1.483527e-04	 1.307707e-04	 1.195900e-04	 1.116671e-04	 8.651483e-04
2.07500	 2.720996e-03	 2.632514e-03	 2.888522e-03	 2.682144e-03	 2.568877e-03	 2.565510e-03	 2.548904e-03	 2.336972e-03	 2.287377e-03	 2.269850e-03	 2.160832e-03	 1.979496e-03	 1.881961e-03	 1.888175e-03	 1.692533e-03	 1.614330e-03	 1.533203e-03	 1.412131e-03	 1.331664e-03	 1.208403e-03	 1.132500e-03	 1.089362e-03	 9.716792e-04	 8.527822e-04	 7.859696e-04	 7.260592e-04	 6.638764e-04	 5.767454e-04	 5.082995e-04	 4.766443e-04	 4.053241e-04	 3.792939e-04	 3.448061e-04	 3.051393e-04	 2.778422e-04	 2.455358e-04	 2.240158e-04	 1.962026e-04	 1.707585e-04	 1.477559e-04	 1.326209e-04	 1.123406e-04	 1.022938e-04	 9.056212e-05	 8.022982e-04
2.12500	 2.400934e-03	 2.304616e-03	 2.277085e-03	 2.129583e-03	 2.199887e-03	 2.263937e-03	 2.191542e-03	 2.024831e-03	 1.915715e-03	 1.915156e-03	 1.776117e-03	 1.750696e-03	 1.610656e-03	 1.611087e-03	 1.475593e-03	 1.342474e-03	 1.292407e-03	 1.229372e-03	 1.111700e-03	 1.027901e-03	 9.454309e-04	 9.157897e-04	 8.281253e-04	 7.538220e-04	 6.763786e-04	 6.072631e-04	 5.665086e-04	 5.053142e-04	 4.557577e-04	 4.196635e-04	 3.743609e-04	 3.139790e-04	 3.002579e-04	 2.682354e-04	 2.454812e-04	 2.201624e-04	 1.935357e-04	 1.654827e-04	 1.452963e-04	 1.334723e-04	 1.141931e-04	 1.069292e-04	 9.548357e-05	 8.948838e-05	 7.328676e-04
2.17500	 2.050277e-03	 2.030687e-03	 1.991169e-03	 2.044031e-03	 1.955433e-03	 1.915076e-03	 1.827874e-03	 1.680105e-03	 1.661872e-03	 1.673768e-03	 1.547224e-03	 1.436676e-03	 1.421982e-03	 1.299563e-03	 1.197358e-03	 1.177716e-03	 1.111849e-03	 1.063837e-03	 9.621416e-04	 8.999660e-04	 8.086586e-04	 7.747531e-04	 6.981690e-04	 6.703219e-04	 6.113667e-04	 5.551986e-04	 4.980875e-04	 4.390301e-04	 3.877402e-04	 3.567023e-04	 3.436921e-04	 2.945746e-04	 2.693883e-04	 2.512649e-04	 2.152831e-04	 1.889279e-04	 1.741793e-04	 1.433888e-04	 1.403890e-04	 1.252077e-04	 1.061805e-04	 9.688496e-05	 8.786851e-05	 7.944941e-05	 6.626990e-04
2.22500	 1.159580e-02	 1.157633e-02	 1.134841e-02	 1.096786e-02	 1.096417e-02	 1.055847e-02	 1.030297e-02	 9.918557e-03	 9.811896e-03	 9.619002e-03	 9.426119e-03	 8.793174e-03	 8.478580e-03	 7.982491e-03	 7.590850e-03	 7.186848e-03	 6.792286e-03	 6.266818e-03	 6.011827e-03	 5.634916e-03	 5.278415e-03	 4.996218e-03	 4.586701e-03	 4.300095e-03	 3.978181e-03	 3.688259e-03	 3.370059e-03	 3.111555e-03	 2.823638e-03	 2.658040e-03	 2.382444e-03	 2.215583e-03	 1.982326e-03	 1.780086e-03	 1.612800e-03	 1.464627e-03	 1.339803e-03	 1.217871e-03	 1.097381e-03	 9.789472e-04	 8.828409e-04	 7.971288e-04	 7.342583e-04	 6.585922e-04	 6.266429e-03
