5.000e-01	mua, coeficiente de absorcion [1/cm]
20.0000	mus, coeficiente de esparcimiento [1/cm]
0.7500	g, anisotropia [-]
1.3800	n1, indice de refracción del tejido
1.3300	n2, indice de refracción del medio externo
2	Fuente
0.1000	radius, radio del haz plano o radio 1/e del haz Gaussiano [cm]
0.0000	waist, ancho de 1/e del foco [cm]
2.1751	xs, posicion en x de la fuente isotropica [cm]
0.0000	ys, posicion y
2.1750	zs, posicion z
45	NR
45	NZ
0.05000	dr
0.05000	dz
1.0e+02	Nfotones
0.000000e+00	Specular reflectance
9.998630e-01	Absorbed fraction
1.713715e-04	Escaping fraction
0.0	0.03333	0.07778	0.12667	0.17619	0.22593	0.27576	0.32564	0.37556	0.42549	0.47544	0.52540	0.57536	0.62533	0.67531	0.72529	0.77527	0.82525	0.87524	0.92523	0.97521	1.02520	1.07519	1.12519	1.17518	1.22517	1.27516	1.32516	1.37515	1.42515	1.47514	1.52514	1.57513	1.62513	1.67512	1.72512	1.77512	1.82511	1.87511	1.92511	1.97511	2.02510	2.07510	2.12510	2.17510	2.22509
0.0	4.616119842712e-01	4.335145884302e-01	2.590212836186e-01	1.541256883494e-01	1.339918783842e-01	9.525922112749e-02	7.072745040716e-02	5.015935817561e-02	3.783621219068e-02	3.151416727749e-02	2.606921623007e-02	2.109729648933e-02	1.779184472051e-02	1.430683846138e-02	1.035935375479e-02	8.297347494067e-03	7.170625810450e-03	5.634670111444e-03	5.018647848943e-03	4.390067269416e-03	3.359032284969e-03	2.534267002099e-03	2.113941778364e-03	1.691380993318e-03	1.447780760676e-03	1.023911536837e-03	1.020201518666e-03	7.242637451978e-04	7.589288886908e-04	7.449987577170e-04	4.141912932619e-04	3.449144873669e-04	3.467220690768e-04	2.551134042851e-04	2.300397161084e-04	1.587567858244e-04	1.359221932898e-04	1.315961450628e-04	9.184894906160e-05	7.718745344546e-05	5.935230129344e-05	4.421493387295e-05	3.335913709162e-05	2.560135351637e-05	1.014852230998e-04
0.02500	 1.895675e+00	 1.647567e+00	 6.996263e-01	 5.812961e-01	 3.494579e-01	 2.775084e-01	 2.102210e-01	 1.505740e-01	 1.158047e-01	 9.331877e-02	 9.355483e-02	 7.255855e-02	 5.233177e-02	 3.655797e-02	 2.789303e-02	 2.389040e-02	 1.873749e-02	 1.619775e-02	 1.333044e-02	 1.121732e-02	 1.066782e-02	 7.543946e-03	 7.043693e-03	 5.813263e-03	 4.988687e-03	 3.478890e-03	 3.322850e-03	 1.939691e-03	 1.905763e-03	 1.608628e-03	 1.310440e-03	 1.118644e-03	 1.027282e-03	 7.864745e-04	 5.767741e-04	 4.735196e-04	 3.545462e-04	 3.018782e-04	 2.254699e-04	 1.833847e-04	 1.490386e-04	 1.124460e-04	 8.613513e-05	 6.791210e-05	 3.042833e-04
0.07500	 1.810070e+00	 1.665805e+00	 9.775723e-01	 5.906527e-01	 4.226112e-01	 3.416414e-01	 2.528917e-01	 1.824601e-01	 1.325841e-01	 1.205316e-01	 9.675900e-02	 7.681884e-02	 6.086064e-02	 4.348619e-02	 3.602942e-02	 2.844578e-02	 2.384637e-02	 2.005997e-02	 1.420946e-02	 1.428794e-02	 1.060975e-02	 8.840981e-03	 7.508434e-03	 6.227779e-03	 4.698895e-03	 4.373786e-03	 3.829503e-03	 2.980949e-03	 2.311551e-03	 1.836521e-03	 1.530994e-03	 1.173806e-03	 1.072107e-03	 9.330311e-04	 8.122621e-04	 6.432182e-04	 5.066590e-04	 4.071576e-04	 2.897449e-04	 2.556431e-04	 2.162657e-04	 1.808733e-04	 1.409164e-04	 1.089923e-04	 5.419191e-04
0.12500	 1.461655e+00	 1.429173e+00	 9.338372e-01	 6.413740e-01	 3.995034e-01	 3.072249e-01	 2.315570e-01	 2.335530e-01	 1.786644e-01	 1.430128e-01	 1.229457e-01	 9.415049e-02	 6.826710e-02	 5.463821e-02	 4.564627e-02	 3.684460e-02	 3.292925e-02	 2.432691e-02	 2.112315e-02	 1.805347e-02	 1.553806e-02	 1.295683e-02	 1.033682e-02	 7.944891e-03	 6.210873e-03	 4.827390e-03	 3.837353e-03	 3.427618e-03	 2.703910e-03	 2.201348e-03	 1.808043e-03	 1.407217e-03	 1.403223e-03	 1.321774e-03	 9.463215e-04	 7.527341e-04	 5.747932e-04	 4.392030e-04	 3.297957e-04	 2.879244e-04	 2.444376e-04	 2.270172e-04	 1.754685e-04	 1.529322e-04	 6.531877e-04
0.17500	 1.449562e+00	 1.359540e+00	 9.601128e-01	 7.214631e-01	 5.305622e-01	 3.738495e-01	 2.819347e-01	 2.462416e-01	 2.015869e-01	 1.518817e-01	 1.150033e-01	 9.726203e-02	 7.804418e-02	 5.800797e-02	 4.811800e-02	 3.784404e-02	 3.335993e-02	 2.826273e-02	 2.644661e-02	 2.127368e-02	 1.592288e-02	 1.242700e-02	 9.637501e-03	 7.534701e-03	 6.544428e-03	 5.465948e-03	 4.304855e-03	 3.373419e-03	 2.841299e-03	 2.222484e-03	 2.032445e-03	 1.610010e-03	 1.583275e-03	 1.348753e-03	 1.513452e-03	 1.034608e-03	 7.124124e-04	 5.893756e-04	 4.476500e-04	 3.540217e-04	 2.942069e-04	 2.536507e-04	 2.120669e-04	 1.671130e-04	 6.823053e-04
0.22500	 1.234097e+00	 1.146305e+00	 7.944842e-01	 6.651605e-01	 5.808647e-01	 3.897891e-01	 3.019398e-01	 2.627052e-01	 2.192673e-01	 1.732260e-01	 1.396427e-01	 1.140928e-01	 8.709406e-02	 6.952495e-02	 5.707696e-02	 4.437843e-02	 3.651424e-02	 3.227893e-02	 2.912184e-02	 2.200566e-02	 1.777601e-02	 1.382366e-02	 1.110009e-02	 9.000276e-03	 7.286697e-03	 6.287054e-03	 5.262408e-03	 4.258569e-03	 3.838159e-03	 4.103658e-03	 2.566525e-03	 2.013641e-03	 1.822936e-03	 1.402888e-03	 1.190762e-03	 9.800239e-04	 8.088103e-04	 6.465350e-04	 5.453613e-04	 4.545449e-04	 3.228652e-04	 2.802828e-04	 2.234627e-04	 1.932288e-04	 8.283710e-04
0.27500	 7.928542e-01	 8.521110e-01	 7.447235e-01	 7.240621e-01	 5.226354e-01	 3.621705e-01	 2.749003e-01	 2.408509e-01	 2.025291e-01	 1.687455e-01	 1.327609e-01	 1.110588e-01	 8.768720e-02	 7.358597e-02	 5.572503e-02	 5.032274e-02	 3.779237e-02	 3.035762e-02	 2.854058e-02	 2.292178e-02	 1.755116e-02	 1.418827e-02	 1.241109e-02	 1.049135e-02	 8.558968e-03	 7.228073e-03	 6.221833e-03	 4.641651e-03	 4.020457e-03	 3.329677e-03	 2.671393e-03	 2.264544e-03	 1.982329e-03	 1.557287e-03	 1.282628e-03	 1.032028e-03	 8.556313e-04	 6.908937e-04	 5.938756e-04	 4.893095e-04	 4.157732e-04	 3.471386e-04	 2.957269e-04	 2.398476e-04	 1.018809e-03
0.32500	 7.681382e-01	 8.613292e-01	 7.422247e-01	 6.316081e-01	 4.935355e-01	 3.884365e-01	 2.745979e-01	 2.212602e-01	 1.873193e-01	 1.657433e-01	 1.476637e-01	 1.149387e-01	 9.516474e-02	 7.421556e-02	 5.749727e-02	 4.372163e-02	 3.784834e-02	 3.131495e-02	 2.587018e-02	 2.292107e-02	 1.678079e-02	 1.498234e-02	 1.234546e-02	 1.131692e-02	 9.084398e-03	 7.627127e-03	 5.965883e-03	 5.659514e-03	 4.297419e-03	 3.679369e-03	 2.793687e-03	 2.150017e-03	 1.887043e-03	 1.482649e-03	 1.292963e-03	 1.048050e-03	 8.908298e-04	 7.220328e-04	 5.889167e-04	 4.957137e-04	 4.639114e-04	 4.141397e-04	 3.387966e-04	 2.952698e-04	 1.112710e-03
0.37500	 6.166963e-01	 6.763744e-01	 6.198090e-01	 5.085596e-01	 4.126695e-01	 3.186632e-01	 2.438858e-01	 2.138286e-01	 1.849366e-01	 1.559820e-01	 1.313883e-01	 1.151782e-01	 9.013362e-02	 7.655276e-02	 5.719616e-02	 4.535425e-02	 4.101138e-02	 3.387215e-02	 2.616266e-02	 2.144827e-02	 1.959976e-02	 1.694704e-02	 1.195243e-02	 1.077615e-02	 9.747852e-03	 7.692683e-03	 6.142668e-03	 4.903221e-03	 4.039179e-03	 3.816933e-03	 3.119472e-03	 2.404311e-03	 1.998855e-03	 1.609203e-03	 1.369238e-03	 1.145364e-03	 9.628298e-04	 7.543598e-04	 5.961332e-04	 5.343167e-04	 4.538029e-04	 4.099194e-04	 3.414102e-04	 2.732120e-04	 1.015845e-03
0.42500	 5.799745e-01	 5.671605e-01	 4.759809e-01	 4.449933e-01	 3.419293e-01	 2.820601e-01	 2.249915e-01	 2.202115e-01	 1.846263e-01	 1.619257e-01	 1.380947e-01	 1.187496e-01	 9.437206e-02	 7.738371e-02	 5.915544e-02	 4.861928e-02	 4.029084e-02	 3.591452e-02	 2.965601e-02	 2.251937e-02	 1.833046e-02	 1.538815e-02	 1.347804e-02	 1.110791e-02	 1.085185e-02	 8.639523e-03	 6.780239e-03	 5.306620e-03	 4.259369e-03	 4.025705e-03	 3.299733e-03	 2.629626e-03	 2.175844e-03	 1.593261e-03	 1.364475e-03	 1.198287e-03	 1.013708e-03	 8.103321e-04	 6.823794e-04	 6.097494e-04	 5.217545e-04	 4.331926e-04	 3.562641e-04	 2.804627e-04	 1.005280e-03
0.47500	 4.665859e-01	 4.469498e-01	 3.803666e-01	 3.650509e-01	 3.508093e-01	 3.049268e-01	 2.351384e-01	 1.905360e-01	 1.726553e-01	 1.392851e-01	 1.175179e-01	 1.022235e-01	 8.314726e-02	 6.835703e-02	 5.444624e-02	 4.341021e-02	 3.792870e-02	 3.379018e-02	 2.677102e-02	 2.196306e-02	 1.774396e-02	 1.574542e-02	 1.348268e-02	 1.202375e-02	 1.072873e-02	 8.602287e-03	 6.453647e-03	 5.552869e-03	 4.364978e-03	 3.795334e-03	 3.355859e-03	 2.772428e-03	 2.297759e-03	 1.724507e-03	 1.518115e-03	 1.247657e-03	 1.098120e-03	 9.187501e-04	 7.775423e-04	 6.444385e-04	 4.963330e-04	 4.009770e-04	 3.052171e-04	 2.417184e-04	 1.149615e-03
0.52500	 3.001243e-01	 3.704677e-01	 3.025530e-01	 2.741727e-01	 2.771816e-01	 2.533339e-01	 2.177027e-01	 1.856573e-01	 1.644780e-01	 1.345328e-01	 1.139800e-01	 9.747946e-02	 7.653875e-02	 6.760096e-02	 5.390475e-02	 4.072727e-02	 3.607098e-02	 3.164451e-02	 2.662691e-02	 2.255551e-02	 1.868707e-02	 1.564644e-02	 1.420309e-02	 1.243901e-02	 9.732748e-03	 7.310231e-03	 6.427391e-03	 5.151031e-03	 4.183969e-03	 3.634182e-03	 3.135154e-03	 2.494209e-03	 2.105006e-03	 1.711526e-03	 1.436989e-03	 1.266182e-03	 1.071435e-03	 9.348235e-04	 7.677348e-04	 6.719656e-04	 5.669544e-04	 4.543933e-04	 3.752993e-04	 2.880896e-04	 1.222843e-03
0.57500	 3.118864e-01	 3.128913e-01	 2.748837e-01	 2.516388e-01	 2.280523e-01	 2.044921e-01	 1.715660e-01	 1.715822e-01	 1.364337e-01	 1.155795e-01	 9.698374e-02	 8.459873e-02	 7.385203e-02	 6.263740e-02	 5.418627e-02	 4.476139e-02	 3.954153e-02	 3.393238e-02	 2.796269e-02	 2.460547e-02	 2.055591e-02	 1.632739e-02	 1.433736e-02	 1.178883e-02	 9.580150e-03	 7.738349e-03	 6.847608e-03	 5.255529e-03	 4.191124e-03	 3.785693e-03	 3.149053e-03	 2.632249e-03	 2.325627e-03	 1.766838e-03	 1.471634e-03	 1.358580e-03	 1.180348e-03	 9.694674e-04	 7.796343e-04	 6.809222e-04	 5.473334e-04	 4.521030e-04	 3.734238e-04	 2.825656e-04	 1.276809e-03
0.62500	 2.688552e-01	 2.712406e-01	 2.980962e-01	 2.240313e-01	 1.993738e-01	 1.928540e-01	 1.673606e-01	 1.473525e-01	 1.279955e-01	 1.081491e-01	 9.159965e-02	 7.907434e-02	 7.182073e-02	 6.215281e-02	 4.998133e-02	 3.999353e-02	 3.777742e-02	 2.966882e-02	 2.545635e-02	 2.307543e-02	 1.863397e-02	 1.472688e-02	 1.217531e-02	 1.083187e-02	 8.994895e-03	 7.340075e-03	 6.619877e-03	 5.572894e-03	 4.727763e-03	 3.989086e-03	 3.673189e-03	 2.831265e-03	 2.422197e-03	 2.041652e-03	 1.697384e-03	 1.424555e-03	 1.267631e-03	 1.055646e-03	 8.727989e-04	 7.337120e-04	 5.662209e-04	 4.640456e-04	 3.845716e-04	 2.955423e-04	 1.251457e-03
0.67500	 2.129698e-01	 2.005986e-01	 2.402784e-01	 2.155397e-01	 1.878754e-01	 1.619715e-01	 1.510129e-01	 1.412347e-01	 1.251576e-01	 1.052808e-01	 8.705756e-02	 7.871822e-02	 6.737006e-02	 6.008015e-02	 5.184155e-02	 4.304578e-02	 3.614738e-02	 2.872249e-02	 2.508786e-02	 2.096962e-02	 1.672876e-02	 1.475346e-02	 1.287661e-02	 9.944306e-03	 8.245492e-03	 6.841510e-03	 6.525873e-03	 5.431287e-03	 4.676028e-03	 3.979093e-03	 3.529950e-03	 2.832069e-03	 2.362473e-03	 2.056962e-03	 1.655117e-03	 1.324760e-03	 1.156397e-03	 1.030162e-03	 8.351126e-04	 6.778392e-04	 5.600267e-04	 5.124719e-04	 3.887040e-04	 2.898130e-04	 1.215830e-03
0.72500	 2.029388e-01	 1.795215e-01	 2.152271e-01	 1.968327e-01	 1.620066e-01	 1.317665e-01	 1.188486e-01	 1.190626e-01	 1.053144e-01	 9.251780e-02	 8.313074e-02	 6.499451e-02	 5.781489e-02	 5.127764e-02	 4.512417e-02	 3.507187e-02	 3.001697e-02	 2.730786e-02	 2.179617e-02	 2.016436e-02	 1.596867e-02	 1.429058e-02	 1.191820e-02	 1.007393e-02	 8.618433e-03	 6.881547e-03	 6.302984e-03	 5.063792e-03	 4.515342e-03	 3.887636e-03	 3.290052e-03	 2.729699e-03	 2.204239e-03	 1.922741e-03	 1.696350e-03	 1.455414e-03	 1.165003e-03	 9.951821e-04	 7.761639e-04	 6.265655e-04	 5.361580e-04	 4.650734e-04	 4.061570e-04	 3.218062e-04	 1.286941e-03
0.77500	 9.645694e-02	 1.280388e-01	 1.434436e-01	 1.285240e-01	 1.148397e-01	 1.145445e-01	 9.911300e-02	 9.065595e-02	 8.323532e-02	 7.582528e-02	 6.823187e-02	 5.782807e-02	 5.007249e-02	 4.067884e-02	 3.758206e-02	 3.279763e-02	 2.900800e-02	 2.554411e-02	 2.061626e-02	 1.887251e-02	 1.468316e-02	 1.204412e-02	 9.403225e-03	 7.940519e-03	 7.000103e-03	 6.172511e-03	 5.763790e-03	 4.784450e-03	 4.236272e-03	 3.640374e-03	 2.963964e-03	 2.390153e-03	 2.146969e-03	 1.874777e-03	 1.659904e-03	 1.394138e-03	 1.186600e-03	 9.639508e-04	 7.879972e-04	 6.658258e-04	 5.072903e-04	 4.335532e-04	 3.561936e-04	 2.760197e-04	 1.293261e-03
0.82500	 1.110239e-01	 1.466377e-01	 1.265899e-01	 1.083385e-01	 1.004798e-01	 9.470315e-02	 9.041543e-02	 7.852233e-02	 7.426287e-02	 6.958844e-02	 6.238452e-02	 5.123964e-02	 4.512353e-02	 4.134830e-02	 3.439782e-02	 3.111460e-02	 2.549423e-02	 2.107995e-02	 1.728533e-02	 1.585676e-02	 1.364098e-02	 1.051849e-02	 8.908228e-03	 7.530599e-03	 7.240964e-03	 6.132699e-03	 5.637847e-03	 5.406115e-03	 4.512952e-03	 3.420932e-03	 2.871891e-03	 2.497858e-03	 1.922274e-03	 1.678625e-03	 1.518544e-03	 1.376557e-03	 1.128527e-03	 9.133838e-04	 7.587885e-04	 6.425415e-04	 5.384695e-04	 4.514941e-04	 3.721795e-04	 2.996675e-04	 1.132334e-03
0.87500	 7.721372e-02	 1.124265e-01	 9.403313e-02	 8.609034e-02	 8.226468e-02	 7.655606e-02	 7.165018e-02	 6.635685e-02	 6.066666e-02	 6.120962e-02	 5.715821e-02	 4.946551e-02	 4.003042e-02	 3.381407e-02	 2.994857e-02	 2.574763e-02	 2.198821e-02	 1.813739e-02	 1.633922e-02	 1.612086e-02	 1.184344e-02	 9.465426e-03	 8.302489e-03	 7.411310e-03	 7.166635e-03	 6.046927e-03	 5.139698e-03	 4.601304e-03	 3.944461e-03	 3.213574e-03	 2.565408e-03	 2.069173e-03	 1.823367e-03	 1.520100e-03	 1.572055e-03	 1.438084e-03	 1.252654e-03	 1.008812e-03	 7.631855e-04	 6.282538e-04	 5.168240e-04	 4.240035e-04	 3.694575e-04	 3.064571e-04	 1.136303e-03
0.92500	 6.783156e-02	 7.820599e-02	 7.609892e-02	 7.119600e-02	 6.744713e-02	 6.347917e-02	 6.410816e-02	 6.059593e-02	 5.449889e-02	 5.002053e-02	 4.411673e-02	 3.603319e-02	 3.172107e-02	 2.835570e-02	 2.545548e-02	 2.293477e-02	 1.920091e-02	 1.654755e-02	 1.507196e-02	 1.327112e-02	 1.117293e-02	 9.398796e-03	 8.569515e-03	 7.252248e-03	 6.502152e-03	 5.334405e-03	 4.423092e-03	 3.803319e-03	 3.341966e-03	 2.706692e-03	 2.322510e-03	 1.970403e-03	 1.724965e-03	 1.512255e-03	 1.332378e-03	 1.225377e-03	 1.064305e-03	 8.881300e-04	 7.145837e-04	 5.852410e-04	 4.795225e-04	 4.074755e-04	 3.363521e-04	 2.790774e-04	 1.100282e-03
0.97500	 7.951085e-02	 6.321810e-02	 6.875582e-02	 6.225689e-02	 6.009676e-02	 5.733401e-02	 5.418497e-02	 5.173003e-02	 4.918589e-02	 4.249389e-02	 3.729960e-02	 3.650925e-02	 3.061888e-02	 2.807663e-02	 2.416317e-02	 2.155021e-02	 1.786734e-02	 1.466536e-02	 1.397591e-02	 1.187578e-02	 1.042074e-02	 8.802574e-03	 7.457625e-03	 6.915300e-03	 6.123207e-03	 5.284425e-03	 4.584623e-03	 4.007439e-03	 3.327883e-03	 2.842684e-03	 2.268334e-03	 2.082940e-03	 1.730120e-03	 1.464781e-03	 1.315710e-03	 1.142492e-03	 9.919808e-04	 8.186180e-04	 6.816412e-04	 5.486641e-04	 4.466388e-04	 3.805990e-04	 3.030022e-04	 2.500436e-04	 1.114651e-03
1.02500	 6.279474e-02	 5.857928e-02	 5.934336e-02	 5.092271e-02	 5.331523e-02	 4.834834e-02	 4.870718e-02	 4.491246e-02	 3.851552e-02	 3.667174e-02	 3.234385e-02	 2.783463e-02	 2.522425e-02	 2.303943e-02	 2.103484e-02	 1.810135e-02	 1.572634e-02	 1.327552e-02	 1.258655e-02	 1.060699e-02	 9.141983e-03	 8.334720e-03	 7.104065e-03	 6.359187e-03	 5.738156e-03	 5.664440e-03	 4.161723e-03	 3.368613e-03	 3.051946e-03	 2.520552e-03	 2.225351e-03	 2.147831e-03	 1.633042e-03	 1.373905e-03	 1.177411e-03	 1.006125e-03	 9.020478e-04	 7.511619e-04	 6.640753e-04	 5.954587e-04	 4.771890e-04	 4.061783e-04	 3.424626e-04	 2.582328e-04	 1.130230e-03
1.07500	 4.465540e-02	 4.898735e-02	 4.598754e-02	 4.667385e-02	 4.452411e-02	 4.324544e-02	 4.676025e-02	 4.104575e-02	 3.697379e-02	 3.326107e-02	 3.027566e-02	 2.546871e-02	 2.052678e-02	 1.890311e-02	 1.768808e-02	 1.547149e-02	 1.441662e-02	 1.222507e-02	 1.117679e-02	 9.947426e-03	 9.113567e-03	 7.513422e-03	 6.548938e-03	 5.531301e-03	 5.046719e-03	 3.994140e-03	 3.413518e-03	 3.034283e-03	 2.648714e-03	 2.323090e-03	 1.956463e-03	 1.864328e-03	 1.436377e-03	 1.187561e-03	 1.005615e-03	 9.520679e-04	 8.954951e-04	 7.574369e-04	 6.783709e-04	 6.157659e-04	 4.875720e-04	 4.119957e-04	 3.323166e-04	 2.626889e-04	 1.107408e-03
1.12500	 4.169928e-02	 4.191481e-02	 3.772563e-02	 3.451075e-02	 3.697819e-02	 3.249596e-02	 3.875231e-02	 3.471248e-02	 2.987200e-02	 2.801284e-02	 2.522931e-02	 2.232202e-02	 1.896345e-02	 1.667930e-02	 1.532518e-02	 1.396746e-02	 1.289991e-02	 1.116131e-02	 1.007270e-02	 8.585661e-03	 7.980239e-03	 6.910160e-03	 5.944089e-03	 5.402206e-03	 4.821507e-03	 4.113047e-03	 3.373126e-03	 2.906662e-03	 2.515087e-03	 2.335958e-03	 2.088889e-03	 2.204314e-03	 1.645162e-03	 1.306437e-03	 1.075204e-03	 9.670494e-04	 8.634579e-04	 7.489205e-04	 6.060897e-04	 5.023180e-04	 4.460138e-04	 3.821053e-04	 3.192250e-04	 2.335201e-04	 1.089350e-03
1.17500	 3.083209e-02	 3.215518e-02	 3.330282e-02	 3.394936e-02	 3.466826e-02	 3.161111e-02	 3.096948e-02	 2.632657e-02	 2.419854e-02	 2.334953e-02	 2.185465e-02	 1.822889e-02	 1.642240e-02	 1.396747e-02	 1.223382e-02	 1.153105e-02	 1.144230e-02	 1.067445e-02	 9.372156e-03	 8.560227e-03	 7.403880e-03	 6.205207e-03	 5.426935e-03	 5.162748e-03	 4.500509e-03	 3.980401e-03	 3.204824e-03	 2.764254e-03	 2.359947e-03	 2.044881e-03	 1.761141e-03	 1.641571e-03	 1.382616e-03	 1.193242e-03	 1.026834e-03	 8.661392e-04	 7.815972e-04	 6.970279e-04	 5.981532e-04	 5.007339e-04	 4.592158e-04	 3.852820e-04	 3.134570e-04	 2.410388e-04	 9.759163e-04
1.22500	 3.386970e-02	 3.371167e-02	 3.485572e-02	 3.460182e-02	 3.420564e-02	 3.026517e-02	 2.636541e-02	 2.262209e-02	 2.149237e-02	 2.080062e-02	 1.855659e-02	 1.744487e-02	 1.396265e-02	 1.291124e-02	 1.089546e-02	 1.043980e-02	 9.676033e-03	 9.221819e-03	 7.683599e-03	 7.402566e-03	 6.669775e-03	 5.979171e-03	 5.172432e-03	 4.521864e-03	 3.969957e-03	 3.347694e-03	 2.924847e-03	 2.446581e-03	 2.060452e-03	 1.806906e-03	 1.576089e-03	 1.499967e-03	 1.215743e-03	 1.047154e-03	 9.284201e-04	 8.022318e-04	 7.791059e-04	 6.362551e-04	 5.507314e-04	 4.876318e-04	 4.422165e-04	 3.873666e-04	 3.116050e-04	 2.700428e-04	 1.106540e-03
1.27500	 2.763281e-02	 2.735760e-02	 2.852222e-02	 2.348078e-02	 2.436122e-02	 2.264950e-02	 2.392694e-02	 2.290686e-02	 2.208343e-02	 1.756863e-02	 1.855950e-02	 1.539074e-02	 1.232176e-02	 1.146308e-02	 1.072463e-02	 9.375979e-03	 8.624876e-03	 7.993549e-03	 7.030557e-03	 6.397081e-03	 5.560093e-03	 4.954472e-03	 4.513450e-03	 4.136045e-03	 3.713231e-03	 3.330394e-03	 2.986541e-03	 2.702431e-03	 2.177657e-03	 1.874945e-03	 1.581154e-03	 1.407504e-03	 1.162075e-03	 1.026678e-03	 8.794555e-04	 7.859261e-04	 6.823585e-04	 6.009218e-04	 5.199892e-04	 5.117279e-04	 4.133094e-04	 3.644826e-04	 2.704870e-04	 2.245249e-04	 1.077880e-03
1.32500	 2.488677e-02	 2.981564e-02	 2.758859e-02	 2.196911e-02	 2.137771e-02	 1.703320e-02	 1.781018e-02	 1.665641e-02	 1.725763e-02	 1.491437e-02	 1.353871e-02	 1.281510e-02	 1.074068e-02	 1.036491e-02	 9.266504e-03	 8.854180e-03	 8.265467e-03	 7.233896e-03	 6.421810e-03	 5.745529e-03	 4.960410e-03	 4.386749e-03	 4.306126e-03	 3.773133e-03	 3.250280e-03	 2.982068e-03	 2.696145e-03	 2.461562e-03	 2.154170e-03	 1.851888e-03	 1.573319e-03	 1.389324e-03	 1.191725e-03	 1.068904e-03	 8.920685e-04	 7.371324e-04	 6.294826e-04	 5.389245e-04	 4.825177e-04	 4.366280e-04	 3.786433e-04	 3.116943e-04	 2.585223e-04	 2.145703e-04	 9.371476e-04
1.37500	 2.152902e-02	 1.942376e-02	 1.959511e-02	 1.678311e-02	 1.693998e-02	 1.748353e-02	 1.682403e-02	 1.502478e-02	 1.374314e-02	 1.316072e-02	 1.224992e-02	 1.009761e-02	 8.706197e-03	 9.277259e-03	 8.582480e-03	 7.138697e-03	 6.783335e-03	 6.269926e-03	 5.636554e-03	 5.229074e-03	 4.568624e-03	 4.005965e-03	 3.622545e-03	 3.125732e-03	 2.759565e-03	 2.702170e-03	 2.301884e-03	 1.987085e-03	 1.856390e-03	 1.712580e-03	 1.519091e-03	 1.300109e-03	 1.110498e-03	 9.631403e-04	 8.142483e-04	 6.502653e-04	 5.670081e-04	 4.712903e-04	 4.352704e-04	 3.873916e-04	 3.481704e-04	 2.929914e-04	 2.509885e-04	 2.060689e-04	 8.924137e-04
1.42500	 1.797419e-02	 1.849724e-02	 1.478882e-02	 1.288921e-02	 1.404531e-02	 1.491469e-02	 1.352048e-02	 1.197597e-02	 1.117982e-02	 1.010491e-02	 9.932172e-03	 1.022737e-02	 9.389268e-03	 8.508921e-03	 8.336127e-03	 7.541223e-03	 6.619401e-03	 5.952284e-03	 5.466548e-03	 4.825800e-03	 3.962699e-03	 3.694160e-03	 3.418272e-03	 2.910503e-03	 2.692177e-03	 2.472293e-03	 2.039827e-03	 1.821341e-03	 1.676828e-03	 1.459403e-03	 1.287845e-03	 1.124146e-03	 1.059423e-03	 8.794088e-04	 7.787194e-04	 6.171011e-04	 5.061988e-04	 4.286590e-04	 4.041109e-04	 3.327181e-04	 2.970310e-04	 2.658536e-04	 2.171226e-04	 1.899715e-04	 7.598109e-04
1.47500	 1.206933e-02	 1.142044e-02	 1.046619e-02	 9.974758e-03	 1.038593e-02	 1.241194e-02	 1.263657e-02	 1.136480e-02	 1.081804e-02	 9.805524e-03	 8.691090e-03	 8.378121e-03	 8.090804e-03	 7.704356e-03	 6.781738e-03	 5.728599e-03	 5.157453e-03	 4.754747e-03	 4.216065e-03	 4.101435e-03	 3.581648e-03	 3.041730e-03	 2.713235e-03	 2.406283e-03	 2.315201e-03	 2.083951e-03	 1.862947e-03	 1.662231e-03	 1.415953e-03	 1.322333e-03	 1.127877e-03	 1.002047e-03	 9.445431e-04	 7.809901e-04	 6.751936e-04	 5.661004e-04	 4.616620e-04	 3.987658e-04	 3.758325e-04	 3.267870e-04	 2.779864e-04	 2.443708e-04	 1.990335e-04	 1.811372e-04	 7.232586e-04
1.52500	 1.151755e-02	 9.980907e-03	 1.072024e-02	 9.882779e-03	 1.040377e-02	 1.087385e-02	 1.057106e-02	 9.907799e-03	 1.010011e-02	 9.324619e-03	 8.869049e-03	 7.535063e-03	 7.244446e-03	 6.713610e-03	 5.999776e-03	 5.244928e-03	 4.634430e-03	 4.140461e-03	 3.822105e-03	 4.178005e-03	 3.729999e-03	 2.978986e-03	 2.586715e-03	 2.291404e-03	 2.132285e-03	 1.898977e-03	 1.685087e-03	 1.475705e-03	 1.235037e-03	 1.101172e-03	 9.917888e-04	 9.345496e-04	 8.187787e-04	 7.135603e-04	 6.237747e-04	 5.313019e-04	 4.842075e-04	 3.954803e-04	 3.382486e-04	 3.165544e-04	 2.722344e-04	 2.289999e-04	 2.005688e-04	 1.686651e-04	 6.544524e-04
1.57500	 8.999901e-03	 9.260626e-03	 9.305547e-03	 8.525693e-03	 9.026368e-03	 8.445050e-03	 9.363069e-03	 7.604046e-03	 7.384284e-03	 6.711772e-03	 6.949725e-03	 6.526039e-03	 6.456101e-03	 5.776030e-03	 5.496479e-03	 4.582488e-03	 4.235784e-03	 4.012568e-03	 3.273733e-03	 3.148524e-03	 3.037456e-03	 2.898076e-03	 2.485393e-03	 2.159120e-03	 1.902367e-03	 1.646038e-03	 1.432498e-03	 1.208477e-03	 1.085416e-03	 9.818744e-04	 8.993541e-04	 8.291419e-04	 6.992760e-04	 6.388305e-04	 5.553853e-04	 4.733394e-04	 4.273820e-04	 3.481805e-04	 3.071828e-04	 2.849085e-04	 2.363895e-04	 2.011765e-04	 1.711010e-04	 1.378769e-04	 6.185050e-04
1.62500	 6.938164e-03	 7.063451e-03	 8.370165e-03	 7.849114e-03	 7.609883e-03	 7.412751e-03	 6.963025e-03	 6.079367e-03	 6.124575e-03	 6.171395e-03	 5.640866e-03	 5.737302e-03	 5.390931e-03	 5.015907e-03	 4.597641e-03	 3.835127e-03	 3.435804e-03	 3.183269e-03	 3.022919e-03	 2.711583e-03	 2.809136e-03	 2.474040e-03	 2.097779e-03	 1.805487e-03	 1.644849e-03	 1.488069e-03	 1.374175e-03	 1.192493e-03	 1.061928e-03	 9.165638e-04	 8.432291e-04	 7.340171e-04	 6.630198e-04	 5.547566e-04	 5.137231e-04	 4.218569e-04	 3.799360e-04	 3.362368e-04	 2.766093e-04	 2.485548e-04	 2.047388e-04	 1.770800e-04	 1.540594e-04	 1.266169e-04	 5.464309e-04
1.67500	 6.004595e-03	 5.646717e-03	 5.626335e-03	 6.411594e-03	 5.767630e-03	 5.867721e-03	 5.717500e-03	 5.276485e-03	 5.402206e-03	 5.732196e-03	 5.090019e-03	 4.708686e-03	 4.460074e-03	 4.249107e-03	 3.769526e-03	 3.411703e-03	 3.184131e-03	 2.973337e-03	 2.450079e-03	 2.402005e-03	 2.203815e-03	 1.960244e-03	 1.775329e-03	 1.623695e-03	 1.437568e-03	 1.282964e-03	 1.139782e-03	 1.021465e-03	 9.495045e-04	 8.930063e-04	 7.891217e-04	 7.286360e-04	 6.326882e-04	 5.358165e-04	 4.571246e-04	 3.907307e-04	 3.764052e-04	 3.191373e-04	 2.640942e-04	 2.461246e-04	 2.018612e-04	 1.677363e-04	 1.401947e-04	 1.182180e-04	 4.996634e-04
1.72500	 5.077876e-03	 4.716777e-03	 6.615278e-03	 6.215041e-03	 6.516794e-03	 5.962037e-03	 4.827906e-03	 4.669860e-03	 4.094894e-03	 4.041925e-03	 4.240632e-03	 3.684240e-03	 3.758507e-03	 3.610994e-03	 3.288285e-03	 2.993955e-03	 2.576858e-03	 2.258082e-03	 1.974234e-03	 1.841951e-03	 1.764549e-03	 1.602225e-03	 1.485995e-03	 1.409266e-03	 1.208337e-03	 1.109231e-03	 1.041728e-03	 9.622820e-04	 8.636338e-04	 8.127607e-04	 7.048502e-04	 6.098777e-04	 4.976362e-04	 4.457988e-04	 3.929562e-04	 3.534713e-04	 3.372865e-04	 3.021161e-04	 2.451752e-04	 2.265035e-04	 1.820693e-04	 1.543898e-04	 1.310135e-04	 1.119366e-04	 5.076607e-04
1.77500	 3.219649e-03	 6.049464e-03	 4.830986e-03	 4.083267e-03	 5.101386e-03	 4.802195e-03	 5.044378e-03	 4.113418e-03	 3.866326e-03	 3.818028e-03	 3.573480e-03	 3.151762e-03	 3.041745e-03	 2.837398e-03	 2.890448e-03	 2.608407e-03	 2.514248e-03	 2.206410e-03	 2.003634e-03	 1.828732e-03	 1.617027e-03	 1.430256e-03	 1.270065e-03	 1.122252e-03	 1.005230e-03	 9.269519e-04	 8.584140e-04	 7.939750e-04	 7.057184e-04	 6.534409e-04	 5.964349e-04	 5.314813e-04	 4.565887e-04	 4.218864e-04	 3.686457e-04	 3.155683e-04	 2.978721e-04	 2.703866e-04	 2.255211e-04	 1.979984e-04	 1.640430e-04	 1.397495e-04	 1.159003e-04	 9.725192e-05	 4.419930e-04
1.82500	 3.549629e-03	 3.946290e-03	 5.166311e-03	 4.597639e-03	 3.977684e-03	 3.858431e-03	 3.294278e-03	 3.229928e-03	 3.235636e-03	 3.216151e-03	 3.129088e-03	 2.776230e-03	 2.702200e-03	 2.505167e-03	 2.401626e-03	 2.214987e-03	 2.110461e-03	 1.946231e-03	 1.862706e-03	 1.630694e-03	 1.439591e-03	 1.232596e-03	 1.077033e-03	 1.020332e-03	 9.356377e-04	 8.580348e-04	 7.891446e-04	 7.308918e-04	 6.614112e-04	 6.194175e-04	 5.450741e-04	 4.946864e-04	 4.292638e-04	 3.912686e-04	 3.344048e-04	 2.939329e-04	 2.606265e-04	 2.307118e-04	 1.909623e-04	 1.663630e-04	 1.440812e-04	 1.234541e-04	 1.029056e-04	 9.076508e-05	 4.107198e-04
1.87500	 2.355129e-03	 3.192297e-03	 4.318599e-03	 3.831843e-03	 3.126925e-03	 3.089203e-03	 3.057990e-03	 3.168910e-03	 2.923377e-03	 2.865467e-03	 2.868004e-03	 2.566942e-03	 2.155276e-03	 1.932363e-03	 1.841094e-03	 1.579026e-03	 1.633831e-03	 1.560512e-03	 1.470294e-03	 1.367376e-03	 1.309765e-03	 1.150350e-03	 1.039164e-03	 9.531460e-04	 8.101918e-04	 7.997232e-04	 7.065911e-04	 6.233453e-04	 5.570994e-04	 5.271835e-04	 4.657469e-04	 4.142144e-04	 3.753406e-04	 3.408572e-04	 2.842748e-04	 2.523505e-04	 2.279689e-04	 2.034623e-04	 1.749914e-04	 1.506921e-04	 1.230617e-04	 1.058117e-04	 8.735795e-05	 8.039338e-05	 3.779707e-04
1.92500	 3.908851e-03	 2.982115e-03	 3.396504e-03	 3.670038e-03	 3.258205e-03	 2.565588e-03	 2.404457e-03	 2.599608e-03	 2.489111e-03	 2.243125e-03	 2.136575e-03	 1.865352e-03	 1.972703e-03	 1.808521e-03	 1.644389e-03	 1.490623e-03	 1.396687e-03	 1.251589e-03	 1.212080e-03	 1.142452e-03	 1.106623e-03	 9.716803e-04	 8.902915e-04	 7.932607e-04	 7.120523e-04	 7.075173e-04	 6.235798e-04	 5.364107e-04	 4.696592e-04	 4.352736e-04	 3.986136e-04	 3.590400e-04	 3.109773e-04	 2.941274e-04	 2.381953e-04	 2.152586e-04	 1.966173e-04	 1.716816e-04	 1.502871e-04	 1.303970e-04	 1.128837e-04	 9.848088e-05	 8.397365e-05	 7.620435e-05	 3.619316e-04
1.97500	 1.987118e-03	 2.780087e-03	 2.688829e-03	 2.684455e-03	 2.709319e-03	 2.529422e-03	 2.416326e-03	 2.122874e-03	 2.148273e-03	 2.233254e-03	 1.866842e-03	 1.601398e-03	 1.560221e-03	 1.490339e-03	 1.323381e-03	 1.225741e-03	 1.126042e-03	 1.106447e-03	 1.106697e-03	 1.028187e-03	 9.385574e-04	 8.184947e-04	 7.715283e-04	 6.679809e-04	 6.406541e-04	 6.170883e-04	 5.773589e-04	 4.827932e-04	 4.506938e-04	 4.035725e-04	 3.608334e-04	 3.017226e-04	 2.673314e-04	 2.519302e-04	 2.180508e-04	 1.911616e-04	 1.695941e-04	 1.528982e-04	 1.268079e-04	 1.291798e-04	 1.119803e-04	 8.995740e-05	 7.497722e-05	 6.983062e-05	 3.154641e-04
2.02500	 1.446672e-03	 1.976178e-03	 2.034551e-03	 2.022587e-03	 2.006860e-03	 1.924405e-03	 1.990921e-03	 1.892734e-03	 1.912377e-03	 1.767985e-03	 1.642473e-03	 1.662398e-03	 1.331256e-03	 1.170201e-03	 1.142177e-03	 1.062395e-03	 1.061930e-03	 9.525810e-04	 9.435866e-04	 8.295157e-04	 8.010913e-04	 7.324217e-04	 6.764017e-04	 5.954787e-04	 5.966390e-04	 5.455114e-04	 5.051250e-04	 4.395934e-04	 3.921184e-04	 3.609020e-04	 3.304018e-04	 2.629366e-04	 2.550724e-04	 2.265146e-04	 1.911001e-04	 1.666451e-04	 1.421974e-04	 1.250060e-04	 1.044302e-04	 1.039029e-04	 9.358384e-05	 8.022904e-05	 6.864973e-05	 5.988355e-05	 2.850317e-04
2.07500	 1.048069e-03	 1.238403e-03	 1.303098e-03	 1.600135e-03	 1.720767e-03	 1.640426e-03	 1.600665e-03	 1.449491e-03	 1.791412e-03	 1.437741e-03	 1.270597e-03	 1.104960e-03	 1.057084e-03	 9.944563e-04	 9.296518e-04	 9.222042e-04	 8.648083e-04	 7.817115e-04	 7.506617e-04	 6.643921e-04	 6.578388e-04	 6.136143e-04	 5.629376e-04	 5.361756e-04	 5.025597e-04	 4.762974e-04	 4.320901e-04	 3.706200e-04	 3.423932e-04	 2.869855e-04	 2.600923e-04	 2.404403e-04	 2.414385e-04	 2.059522e-04	 2.114675e-04	 1.518807e-04	 1.304916e-04	 1.118696e-04	 9.976394e-05	 8.887275e-05	 8.317951e-05	 7.119347e-05	 6.510441e-05	 5.466180e-05	 2.661595e-04
2.12500	 1.003864e-03	 1.222963e-03	 1.341278e-03	 1.516367e-03	 1.370111e-03	 1.462839e-03	 1.477929e-03	 1.253766e-03	 1.293233e-03	 1.230352e-03	 1.275640e-03	 1.135244e-03	 9.710192e-04	 1.050099e-03	 7.845366e-04	 7.273907e-04	 6.881738e-04	 7.029179e-04	 6.862927e-04	 6.478866e-04	 6.067979e-04	 5.333591e-04	 4.958885e-04	 4.525483e-04	 4.176687e-04	 3.681966e-04	 3.354901e-04	 3.030374e-04	 2.748413e-04	 2.656775e-04	 2.356049e-04	 2.243835e-04	 2.325887e-04	 1.929703e-04	 1.606421e-04	 1.420299e-04	 1.187506e-04	 1.012494e-04	 8.600159e-05	 7.814587e-05	 6.915158e-05	 6.110919e-05	 5.159615e-05	 4.497395e-05	 2.312666e-04
2.17500	 1.936831e-03	 1.739819e-03	 1.377716e-03	 1.105991e-03	 1.009553e-03	 8.801139e-04	 8.921634e-04	 8.759132e-04	 1.049211e-03	 8.599326e-04	 8.498490e-04	 8.116938e-04	 7.839804e-04	 7.222605e-04	 5.784917e-04	 5.663188e-04	 5.688849e-04	 5.852621e-04	 5.782130e-04	 5.683455e-04	 5.651276e-04	 5.016539e-04	 4.617613e-04	 4.088753e-04	 3.716337e-04	 3.248436e-04	 2.961320e-04	 2.606282e-04	 2.362345e-04	 2.121636e-04	 1.810238e-04	 1.644879e-04	 1.597087e-04	 1.431932e-04	 1.237319e-04	 1.082879e-04	 9.167023e-05	 8.072792e-05	 7.125322e-05	 6.390423e-05	 5.749303e-05	 5.369162e-05	 4.510616e-05	 3.643959e-05	 2.092897e-04
2.22500	 6.496087e-03	 4.929925e-03	 5.958833e-03	 4.819298e-03	 3.997019e-03	 3.862720e-03	 4.020153e-03	 3.811697e-03	 3.897738e-03	 3.604982e-03	 3.544110e-03	 3.342089e-03	 3.087770e-03	 2.791605e-03	 2.758967e-03	 2.652066e-03	 2.377592e-03	 2.444069e-03	 2.828492e-03	 2.633584e-03	 2.662502e-03	 2.308117e-03	 2.009444e-03	 1.867019e-03	 1.594598e-03	 1.466355e-03	 1.301532e-03	 1.088235e-03	 1.001926e-03	 8.935387e-04	 8.152463e-04	 7.812435e-04	 7.678357e-04	 7.143673e-04	 6.455815e-04	 6.190241e-04	 5.540244e-04	 5.094157e-04	 4.427117e-04	 4.115524e-04	 3.753127e-04	 3.563737e-04	 3.390213e-04	 2.567786e-04	 1.640531e-03
