5.000e-01	mua, coeficiente de absorcion [1/cm]
20.0000	mus, coeficiente de esparcimiento [1/cm]
0.7500	g, anisotropia [-]
1.3800	n1, indice de refracción del tejido
1.3300	n2, indice de refracción del medio externo
2	Fuente
0.1000	radius, radio del haz plano o radio 1/e del haz Gaussiano [cm]
0.0000	waist, ancho de 1/e del foco [cm]
0.0000	xs, posicion en x de la fuente isotropica [cm]
0.0000	ys, posicion y
0.5000	zs, posicion z
45	NR
45	NZ
0.05000	dr
0.05000	dz
1.0e+06	Nfotones
0.000000e+00	Specular reflectance
9.196639e-01	Absorbed fraction
8.033609e-02	Escaping fraction
0.0	0.03333	0.07778	0.12667	0.17619	0.22593	0.27576	0.32564	0.37556	0.42549	0.47544	0.52540	0.57536	0.62533	0.67531	0.72529	0.77527	0.82525	0.87524	0.92523	0.97521	1.02520	1.07519	1.12519	1.17518	1.22517	1.27516	1.32516	1.37515	1.42515	1.47514	1.52514	1.57513	1.62513	1.67512	1.72512	1.77512	1.82511	1.87511	1.92511	1.97511	2.02510	2.07510	2.12510	2.17510	2.22509
0.0	3.100041469300e-06	3.100041469300e-06	2.399734174519e-06	1.906374845505e-06	1.468677983116e-06	8.862725940410e-07	8.862725940410e-07	6.945057813762e-07	5.436227895878e-07	4.206362502137e-07	3.238035550191e-07	2.001986095091e-07	2.001986095091e-07	1.238456654052e-07	1.238456654052e-07	9.291637768777e-08	5.758597434803e-08	5.758597434803e-08	4.798649056506e-08	3.576874432150e-08	2.659482351107e-08	1.672588044446e-08	1.401127550565e-08	1.010046976360e-08	1.010046976360e-08	8.445928893737e-09	6.501425191462e-09	3.981129273070e-09	3.954895102074e-09	3.954895102074e-09	2.135619945227e-09	2.135619945227e-09	1.444647432394e-09	5.321594445465e-09	5.321594445465e-09	5.321594445465e-09	5.321594445465e-09	5.321594445465e-09	5.321594445465e-09	5.321594445465e-09	5.321594445465e-09	5.321594445465e-09	5.321594445465e-09	5.321594445465e-09	5.321594445465e-09
0.02500	 8.073299e-06	 8.073299e-06	 6.453735e-06	 4.889687e-06	 4.049719e-06	 2.452442e-06	 2.452442e-06	 1.925113e-06	 1.547411e-06	 1.232089e-06	 9.178877e-07	 5.630486e-07	 5.630486e-07	 3.482072e-07	 3.482072e-07	 2.840541e-07	 1.766508e-07	 1.766508e-07	 1.503211e-07	 1.030205e-07	 8.644237e-08	 5.185874e-08	 4.071169e-08	 3.506049e-08	 3.506049e-08	 2.997511e-08	 1.989115e-08	 1.363061e-08	 1.083438e-08	 1.083438e-08	 6.231225e-09	 6.231225e-09	 4.276519e-09	 1.885146e-08	 1.885146e-08	 1.885146e-08	 1.885146e-08	 1.885146e-08	 1.885146e-08	 1.885146e-08	 1.885146e-08	 1.885146e-08	 1.885146e-08	 1.885146e-08	 1.885146e-08
0.07500	 1.073729e-05	 1.073729e-05	 8.269237e-06	 6.690336e-06	 5.150115e-06	 3.172400e-06	 3.172400e-06	 2.465442e-06	 2.006210e-06	 1.535738e-06	 1.187748e-06	 7.253264e-07	 7.253264e-07	 4.434541e-07	 4.434541e-07	 3.515538e-07	 2.402468e-07	 2.402468e-07	 1.749331e-07	 1.403387e-07	 1.082273e-07	 6.577840e-08	 5.091452e-08	 4.378718e-08	 4.378718e-08	 3.099945e-08	 2.434291e-08	 1.795720e-08	 1.185805e-08	 1.185805e-08	 1.082607e-08	 1.082607e-08	 6.032401e-09	 2.200076e-08	 2.200076e-08	 2.200076e-08	 2.200076e-08	 2.200076e-08	 2.200076e-08	 2.200076e-08	 2.200076e-08	 2.200076e-08	 2.200076e-08	 2.200076e-08	 2.200076e-08
0.12500	 1.354830e-05	 1.354830e-05	 1.037306e-05	 8.218967e-06	 6.383498e-06	 3.906789e-06	 3.906789e-06	 3.041765e-06	 2.360923e-06	 1.825165e-06	 1.424051e-06	 9.105460e-07	 9.105460e-07	 5.447712e-07	 5.447712e-07	 4.230275e-07	 2.674608e-07	 2.674608e-07	 2.122049e-07	 1.681468e-07	 1.317466e-07	 7.526684e-08	 5.793851e-08	 5.037282e-08	 5.037282e-08	 3.731222e-08	 2.969006e-08	 1.927772e-08	 1.589127e-08	 1.589127e-08	 9.178374e-09	 9.178374e-09	 8.161051e-09	 2.436525e-08	 2.436525e-08	 2.436525e-08	 2.436525e-08	 2.436525e-08	 2.436525e-08	 2.436525e-08	 2.436525e-08	 2.436525e-08	 2.436525e-08	 2.436525e-08	 2.436525e-08
0.17500	 1.629237e-05	 1.629237e-05	 1.252268e-05	 9.824784e-06	 7.701477e-06	 4.505180e-06	 4.505180e-06	 3.585568e-06	 2.798678e-06	 2.123175e-06	 1.760422e-06	 1.038852e-06	 1.038852e-06	 6.592869e-07	 6.592869e-07	 4.743549e-07	 2.953541e-07	 2.953541e-07	 2.384796e-07	 1.896213e-07	 1.555188e-07	 9.218674e-08	 7.109595e-08	 5.281621e-08	 5.281621e-08	 4.388949e-08	 3.312047e-08	 1.932984e-08	 1.489314e-08	 1.489314e-08	 1.143198e-08	 1.143198e-08	 8.620790e-09	 3.242443e-08	 3.242443e-08	 3.242443e-08	 3.242443e-08	 3.242443e-08	 3.242443e-08	 3.242443e-08	 3.242443e-08	 3.242443e-08	 3.242443e-08	 3.242443e-08	 3.242443e-08
0.22500	 1.949720e-05	 1.949720e-05	 1.464668e-05	 1.132755e-05	 8.692083e-06	 5.210189e-06	 5.210189e-06	 4.025469e-06	 3.193374e-06	 2.335114e-06	 1.881679e-06	 1.163276e-06	 1.163276e-06	 7.129068e-07	 7.129068e-07	 5.804000e-07	 3.382746e-07	 3.382746e-07	 2.651931e-07	 2.042330e-07	 1.628819e-07	 1.009326e-07	 7.894251e-08	 6.425946e-08	 6.425946e-08	 5.398702e-08	 4.100205e-08	 2.356784e-08	 1.756284e-08	 1.756284e-08	 1.022852e-08	 1.022852e-08	 1.022362e-08	 3.611448e-08	 3.611448e-08	 3.611448e-08	 3.611448e-08	 3.611448e-08	 3.611448e-08	 3.611448e-08	 3.611448e-08	 3.611448e-08	 3.611448e-08	 3.611448e-08	 3.611448e-08
0.27500	 2.209915e-05	 2.209915e-05	 1.674285e-05	 1.293383e-05	 9.873698e-06	 5.790024e-06	 5.790024e-06	 4.511263e-06	 3.468089e-06	 2.723865e-06	 2.076030e-06	 1.272864e-06	 1.272864e-06	 7.781296e-07	 7.781296e-07	 6.158912e-07	 3.643127e-07	 3.643127e-07	 2.896845e-07	 2.250264e-07	 1.733141e-07	 1.135878e-07	 8.339285e-08	 6.944554e-08	 6.944554e-08	 5.592629e-08	 4.280437e-08	 2.802098e-08	 1.946234e-08	 1.946234e-08	 1.296038e-08	 1.296038e-08	 1.110117e-08	 3.625842e-08	 3.625842e-08	 3.625842e-08	 3.625842e-08	 3.625842e-08	 3.625842e-08	 3.625842e-08	 3.625842e-08	 3.625842e-08	 3.625842e-08	 3.625842e-08	 3.625842e-08
0.32500	 2.419655e-05	 2.419655e-05	 1.813956e-05	 1.394921e-05	 1.081702e-05	 6.445446e-06	 6.445446e-06	 4.818710e-06	 3.765399e-06	 2.934623e-06	 2.217152e-06	 1.352888e-06	 1.352888e-06	 8.171567e-07	 8.171567e-07	 6.624030e-07	 4.037647e-07	 4.037647e-07	 3.088524e-07	 2.557784e-07	 1.846932e-07	 1.244806e-07	 9.130737e-08	 7.326877e-08	 7.326877e-08	 5.582151e-08	 4.364401e-08	 2.314107e-08	 2.342879e-08	 2.342879e-08	 1.403415e-08	 1.403415e-08	 1.159018e-08	 3.825382e-08	 3.825382e-08	 3.825382e-08	 3.825382e-08	 3.825382e-08	 3.825382e-08	 3.825382e-08	 3.825382e-08	 3.825382e-08	 3.825382e-08	 3.825382e-08	 3.825382e-08
0.37500	 2.636796e-05	 2.636796e-05	 1.979055e-05	 1.526972e-05	 1.145772e-05	 6.764797e-06	 6.764797e-06	 5.213984e-06	 4.034738e-06	 3.020466e-06	 2.376761e-06	 1.455625e-06	 1.455625e-06	 8.773649e-07	 8.773649e-07	 6.771852e-07	 4.029808e-07	 4.029808e-07	 3.391950e-07	 2.634807e-07	 2.027304e-07	 1.257457e-07	 9.735518e-08	 8.273684e-08	 8.273684e-08	 6.168363e-08	 4.591846e-08	 2.658308e-08	 2.407578e-08	 2.407578e-08	 1.485326e-08	 1.485326e-08	 1.239000e-08	 4.065421e-08	 4.065421e-08	 4.065421e-08	 4.065421e-08	 4.065421e-08	 4.065421e-08	 4.065421e-08	 4.065421e-08	 4.065421e-08	 4.065421e-08	 4.065421e-08	 4.065421e-08
0.42500	 2.784738e-05	 2.784738e-05	 2.108544e-05	 1.615691e-05	 1.197710e-05	 7.108446e-06	 7.108446e-06	 5.326419e-06	 4.173868e-06	 3.237349e-06	 2.473732e-06	 1.465324e-06	 1.465324e-06	 9.497237e-07	 9.497237e-07	 6.993820e-07	 4.305442e-07	 4.305442e-07	 3.547540e-07	 2.598639e-07	 2.110857e-07	 1.290965e-07	 1.046690e-07	 8.542228e-08	 8.542228e-08	 6.456270e-08	 5.236456e-08	 3.059338e-08	 2.270752e-08	 2.270752e-08	 1.487077e-08	 1.487077e-08	 1.026988e-08	 3.963463e-08	 3.963463e-08	 3.963463e-08	 3.963463e-08	 3.963463e-08	 3.963463e-08	 3.963463e-08	 3.963463e-08	 3.963463e-08	 3.963463e-08	 3.963463e-08	 3.963463e-08
0.47500	 2.883479e-05	 2.883479e-05	 2.161648e-05	 1.633141e-05	 1.223556e-05	 7.302839e-06	 7.302839e-06	 5.364978e-06	 4.184924e-06	 3.285961e-06	 2.503316e-06	 1.554491e-06	 1.554491e-06	 9.010096e-07	 9.010096e-07	 7.281943e-07	 4.445502e-07	 4.445502e-07	 3.340163e-07	 2.822823e-07	 2.139367e-07	 1.334649e-07	 1.040495e-07	 8.258485e-08	 8.258485e-08	 6.921285e-08	 5.043932e-08	 3.221173e-08	 2.682035e-08	 2.682035e-08	 1.600670e-08	 1.600670e-08	 1.068335e-08	 4.188745e-08	 4.188745e-08	 4.188745e-08	 4.188745e-08	 4.188745e-08	 4.188745e-08	 4.188745e-08	 4.188745e-08	 4.188745e-08	 4.188745e-08	 4.188745e-08	 4.188745e-08
0.52500	 2.866236e-05	 2.866236e-05	 2.195704e-05	 1.617885e-05	 1.254475e-05	 7.320312e-06	 7.320312e-06	 5.508466e-06	 4.290594e-06	 3.321219e-06	 2.569958e-06	 1.538909e-06	 1.538909e-06	 9.325657e-07	 9.325657e-07	 7.318420e-07	 4.210010e-07	 4.210010e-07	 3.530000e-07	 2.909832e-07	 2.205113e-07	 1.383536e-07	 1.014027e-07	 8.367723e-08	 8.367723e-08	 6.109373e-08	 5.225229e-08	 3.411434e-08	 2.547029e-08	 2.547029e-08	 1.516576e-08	 1.516576e-08	 1.328083e-08	 4.145817e-08	 4.145817e-08	 4.145817e-08	 4.145817e-08	 4.145817e-08	 4.145817e-08	 4.145817e-08	 4.145817e-08	 4.145817e-08	 4.145817e-08	 4.145817e-08	 4.145817e-08
0.57500	 2.856112e-05	 2.856112e-05	 2.123934e-05	 1.601709e-05	 1.223330e-05	 7.130276e-06	 7.130276e-06	 5.373702e-06	 4.195360e-06	 3.308240e-06	 2.552739e-06	 1.557683e-06	 1.557683e-06	 9.422105e-07	 9.422105e-07	 7.284297e-07	 4.585783e-07	 4.585783e-07	 3.528627e-07	 2.726102e-07	 2.299567e-07	 1.338547e-07	 1.057218e-07	 8.450036e-08	 8.450036e-08	 6.517175e-08	 5.609849e-08	 3.449843e-08	 2.534188e-08	 2.534188e-08	 1.520267e-08	 1.520267e-08	 1.285702e-08	 4.238041e-08	 4.238041e-08	 4.238041e-08	 4.238041e-08	 4.238041e-08	 4.238041e-08	 4.238041e-08	 4.238041e-08	 4.238041e-08	 4.238041e-08	 4.238041e-08	 4.238041e-08
0.62500	 2.674593e-05	 2.674593e-05	 2.019767e-05	 1.536512e-05	 1.154754e-05	 6.932284e-06	 6.932284e-06	 5.389293e-06	 4.199479e-06	 3.233457e-06	 2.500291e-06	 1.525158e-06	 1.525158e-06	 9.325144e-07	 9.325144e-07	 7.495999e-07	 4.670080e-07	 4.670080e-07	 3.781266e-07	 2.821036e-07	 2.344288e-07	 1.374870e-07	 1.062365e-07	 8.643516e-08	 8.643516e-08	 6.615730e-08	 4.941747e-08	 3.135681e-08	 2.476921e-08	 2.476921e-08	 1.655079e-08	 1.655079e-08	 1.271432e-08	 4.706136e-08	 4.706136e-08	 4.706136e-08	 4.706136e-08	 4.706136e-08	 4.706136e-08	 4.706136e-08	 4.706136e-08	 4.706136e-08	 4.706136e-08	 4.706136e-08	 4.706136e-08
0.67500	 2.537604e-05	 2.537604e-05	 1.918080e-05	 1.459560e-05	 1.117643e-05	 6.731128e-06	 6.731128e-06	 5.166633e-06	 4.019225e-06	 3.141581e-06	 2.487681e-06	 1.479952e-06	 1.479952e-06	 8.906894e-07	 8.906894e-07	 7.406169e-07	 4.524391e-07	 4.524391e-07	 3.599320e-07	 2.734858e-07	 2.099848e-07	 1.362137e-07	 1.010870e-07	 8.476268e-08	 8.476268e-08	 6.513308e-08	 4.981504e-08	 3.130737e-08	 2.455653e-08	 2.455653e-08	 1.568259e-08	 1.568259e-08	 1.342688e-08	 4.414496e-08	 4.414496e-08	 4.414496e-08	 4.414496e-08	 4.414496e-08	 4.414496e-08	 4.414496e-08	 4.414496e-08	 4.414496e-08	 4.414496e-08	 4.414496e-08	 4.414496e-08
0.72500	 2.290294e-05	 2.290294e-05	 1.755474e-05	 1.357893e-05	 1.034770e-05	 6.385794e-06	 6.385794e-06	 4.938690e-06	 3.786345e-06	 2.966654e-06	 2.353262e-06	 1.408049e-06	 1.408049e-06	 8.910664e-07	 8.910664e-07	 7.145736e-07	 4.378917e-07	 4.378917e-07	 3.410737e-07	 2.823454e-07	 2.071360e-07	 1.336119e-07	 1.067462e-07	 7.869103e-08	 7.869103e-08	 6.418549e-08	 4.753014e-08	 3.276914e-08	 2.682282e-08	 2.682282e-08	 1.808402e-08	 1.808402e-08	 1.276139e-08	 4.393943e-08	 4.393943e-08	 4.393943e-08	 4.393943e-08	 4.393943e-08	 4.393943e-08	 4.393943e-08	 4.393943e-08	 4.393943e-08	 4.393943e-08	 4.393943e-08	 4.393943e-08
0.77500	 2.050968e-05	 2.050968e-05	 1.564926e-05	 1.250281e-05	 9.736843e-06	 5.818749e-06	 5.818749e-06	 4.581494e-06	 3.604817e-06	 2.804621e-06	 2.183467e-06	 1.417603e-06	 1.417603e-06	 8.726829e-07	 8.726829e-07	 6.382394e-07	 4.170793e-07	 4.170793e-07	 3.220894e-07	 2.490971e-07	 2.116741e-07	 1.331720e-07	 1.028946e-07	 8.036543e-08	 8.036543e-08	 6.427768e-08	 4.822141e-08	 3.229185e-08	 2.728735e-08	 2.728735e-08	 1.867025e-08	 1.867025e-08	 1.362547e-08	 4.500560e-08	 4.500560e-08	 4.500560e-08	 4.500560e-08	 4.500560e-08	 4.500560e-08	 4.500560e-08	 4.500560e-08	 4.500560e-08	 4.500560e-08	 4.500560e-08	 4.500560e-08
0.82500	 1.822823e-05	 1.822823e-05	 1.424350e-05	 1.098463e-05	 8.656010e-06	 5.344045e-06	 5.344045e-06	 4.201053e-06	 3.364142e-06	 2.644620e-06	 2.094271e-06	 1.288209e-06	 1.288209e-06	 8.155664e-07	 8.155664e-07	 5.949921e-07	 4.035078e-07	 4.035078e-07	 3.375138e-07	 2.547361e-07	 1.935952e-07	 1.324959e-07	 9.743809e-08	 8.108687e-08	 8.108687e-08	 6.322053e-08	 5.438758e-08	 3.247291e-08	 2.545105e-08	 2.545105e-08	 1.502288e-08	 1.502288e-08	 1.268054e-08	 4.539151e-08	 4.539151e-08	 4.539151e-08	 4.539151e-08	 4.539151e-08	 4.539151e-08	 4.539151e-08	 4.539151e-08	 4.539151e-08	 4.539151e-08	 4.539151e-08	 4.539151e-08
0.87500	 1.572384e-05	 1.572384e-05	 1.234670e-05	 9.636824e-06	 7.757567e-06	 4.888364e-06	 4.888364e-06	 3.923607e-06	 3.055832e-06	 2.427749e-06	 1.881019e-06	 1.177314e-06	 1.177314e-06	 7.753888e-07	 7.753888e-07	 6.112119e-07	 3.690121e-07	 3.690121e-07	 2.948420e-07	 2.454788e-07	 1.853348e-07	 1.242324e-07	 9.719105e-08	 7.051623e-08	 7.051623e-08	 6.641044e-08	 5.008404e-08	 3.214783e-08	 2.629327e-08	 2.629327e-08	 1.369921e-08	 1.369921e-08	 1.232028e-08	 4.393226e-08	 4.393226e-08	 4.393226e-08	 4.393226e-08	 4.393226e-08	 4.393226e-08	 4.393226e-08	 4.393226e-08	 4.393226e-08	 4.393226e-08	 4.393226e-08	 4.393226e-08
0.92500	 1.326176e-05	 1.326176e-05	 1.070242e-05	 8.564456e-06	 6.928601e-06	 4.363942e-06	 4.363942e-06	 3.514285e-06	 2.777846e-06	 2.172591e-06	 1.756479e-06	 1.141522e-06	 1.141522e-06	 6.837691e-07	 6.837691e-07	 5.589051e-07	 3.366823e-07	 3.366823e-07	 2.844442e-07	 2.359879e-07	 1.724605e-07	 1.175231e-07	 1.052802e-07	 7.258862e-08	 7.258862e-08	 6.313528e-08	 4.741469e-08	 3.040166e-08	 2.548404e-08	 2.548404e-08	 1.441747e-08	 1.441747e-08	 1.187415e-08	 4.246021e-08	 4.246021e-08	 4.246021e-08	 4.246021e-08	 4.246021e-08	 4.246021e-08	 4.246021e-08	 4.246021e-08	 4.246021e-08	 4.246021e-08	 4.246021e-08	 4.246021e-08
0.97500	 1.132476e-05	 1.132476e-05	 9.143208e-06	 7.439868e-06	 6.064081e-06	 3.919223e-06	 3.919223e-06	 3.105870e-06	 2.459779e-06	 1.943428e-06	 1.583766e-06	 1.016616e-06	 1.016616e-06	 6.608282e-07	 6.608282e-07	 5.104101e-07	 3.356948e-07	 3.356948e-07	 2.590864e-07	 2.182283e-07	 1.692062e-07	 1.075086e-07	 8.921576e-08	 7.199367e-08	 7.199367e-08	 5.932599e-08	 4.516975e-08	 3.016508e-08	 2.388579e-08	 2.388579e-08	 1.452884e-08	 1.452884e-08	 1.174350e-08	 3.973673e-08	 3.973673e-08	 3.973673e-08	 3.973673e-08	 3.973673e-08	 3.973673e-08	 3.973673e-08	 3.973673e-08	 3.973673e-08	 3.973673e-08	 3.973673e-08	 3.973673e-08
1.02500	 9.407939e-06	 9.407939e-06	 7.970221e-06	 6.367498e-06	 5.132228e-06	 3.442410e-06	 3.442410e-06	 2.760750e-06	 2.239346e-06	 1.765838e-06	 1.456534e-06	 9.308358e-07	 9.308358e-07	 6.048336e-07	 6.048336e-07	 4.861460e-07	 2.960768e-07	 2.960768e-07	 2.520953e-07	 2.014472e-07	 1.590310e-07	 1.024155e-07	 8.777139e-08	 6.772889e-08	 6.772889e-08	 5.762266e-08	 4.319602e-08	 2.925192e-08	 2.126310e-08	 2.126310e-08	 1.423166e-08	 1.423166e-08	 1.186217e-08	 3.970304e-08	 3.970304e-08	 3.970304e-08	 3.970304e-08	 3.970304e-08	 3.970304e-08	 3.970304e-08	 3.970304e-08	 3.970304e-08	 3.970304e-08	 3.970304e-08	 3.970304e-08
1.07500	 8.045386e-06	 8.045386e-06	 6.583951e-06	 5.478638e-06	 4.489578e-06	 2.893610e-06	 2.893610e-06	 2.402228e-06	 1.939870e-06	 1.616402e-06	 1.261258e-06	 8.476209e-07	 8.476209e-07	 5.469801e-07	 5.469801e-07	 4.369755e-07	 2.790697e-07	 2.790697e-07	 2.213107e-07	 1.727386e-07	 1.447850e-07	 1.013380e-07	 7.571652e-08	 6.421687e-08	 6.421687e-08	 5.086290e-08	 3.983035e-08	 2.935861e-08	 2.088561e-08	 2.088561e-08	 1.280461e-08	 1.280461e-08	 1.172946e-08	 3.843497e-08	 3.843497e-08	 3.843497e-08	 3.843497e-08	 3.843497e-08	 3.843497e-08	 3.843497e-08	 3.843497e-08	 3.843497e-08	 3.843497e-08	 3.843497e-08	 3.843497e-08
1.12500	 6.504795e-06	 6.504795e-06	 5.640300e-06	 4.592545e-06	 3.852662e-06	 2.545604e-06	 2.545604e-06	 2.097827e-06	 1.701573e-06	 1.369150e-06	 1.098430e-06	 7.313923e-07	 7.313923e-07	 5.159471e-07	 5.159471e-07	 4.041117e-07	 2.592515e-07	 2.592515e-07	 2.093732e-07	 1.668200e-07	 1.350445e-07	 9.021060e-08	 6.835971e-08	 5.820867e-08	 5.820867e-08	 4.939382e-08	 3.922247e-08	 2.590254e-08	 1.873725e-08	 1.873725e-08	 1.547066e-08	 1.547066e-08	 1.028527e-08	 3.698939e-08	 3.698939e-08	 3.698939e-08	 3.698939e-08	 3.698939e-08	 3.698939e-08	 3.698939e-08	 3.698939e-08	 3.698939e-08	 3.698939e-08	 3.698939e-08	 3.698939e-08
1.17500	 5.470508e-06	 5.470508e-06	 4.627783e-06	 3.950266e-06	 3.286226e-06	 2.136607e-06	 2.136607e-06	 1.879784e-06	 1.496805e-06	 1.216657e-06	 9.984310e-07	 6.520099e-07	 6.520099e-07	 4.485199e-07	 4.485199e-07	 3.562819e-07	 2.421969e-07	 2.421969e-07	 1.922988e-07	 1.541088e-07	 1.217070e-07	 8.488757e-08	 6.675146e-08	 5.625705e-08	 5.625705e-08	 4.456632e-08	 3.706595e-08	 2.119272e-08	 1.724826e-08	 1.724826e-08	 1.250819e-08	 1.250819e-08	 1.018843e-08	 3.486990e-08	 3.486990e-08	 3.486990e-08	 3.486990e-08	 3.486990e-08	 3.486990e-08	 3.486990e-08	 3.486990e-08	 3.486990e-08	 3.486990e-08	 3.486990e-08	 3.486990e-08
1.22500	 4.532677e-06	 4.532677e-06	 3.777199e-06	 3.206302e-06	 2.691148e-06	 1.958117e-06	 1.958117e-06	 1.551655e-06	 1.324476e-06	 1.066226e-06	 8.701156e-07	 5.795764e-07	 5.795764e-07	 3.880065e-07	 3.880065e-07	 3.099668e-07	 2.114814e-07	 2.114814e-07	 1.694647e-07	 1.491580e-07	 1.183692e-07	 7.187299e-08	 6.829823e-08	 4.988753e-08	 4.988753e-08	 3.984539e-08	 3.383456e-08	 2.148984e-08	 1.782731e-08	 1.782731e-08	 1.220387e-08	 1.220387e-08	 9.392335e-09	 3.386748e-08	 3.386748e-08	 3.386748e-08	 3.386748e-08	 3.386748e-08	 3.386748e-08	 3.386748e-08	 3.386748e-08	 3.386748e-08	 3.386748e-08	 3.386748e-08	 3.386748e-08
1.27500	 3.681816e-06	 3.681816e-06	 3.114303e-06	 2.597161e-06	 2.291624e-06	 1.640203e-06	 1.640203e-06	 1.345330e-06	 1.119057e-06	 9.101728e-07	 7.766283e-07	 5.040667e-07	 5.040667e-07	 3.686494e-07	 3.686494e-07	 2.861442e-07	 1.868641e-07	 1.868641e-07	 1.649587e-07	 1.290341e-07	 1.096435e-07	 7.168166e-08	 5.549555e-08	 4.750273e-08	 4.750273e-08	 3.597070e-08	 2.943702e-08	 1.971315e-08	 1.694153e-08	 1.694153e-08	 9.784520e-09	 9.784520e-09	 7.508059e-09	 3.169860e-08	 3.169860e-08	 3.169860e-08	 3.169860e-08	 3.169860e-08	 3.169860e-08	 3.169860e-08	 3.169860e-08	 3.169860e-08	 3.169860e-08	 3.169860e-08	 3.169860e-08
1.32500	 2.992844e-06	 2.992844e-06	 2.542114e-06	 2.258195e-06	 1.893681e-06	 1.345221e-06	 1.345221e-06	 1.132032e-06	 9.513546e-07	 8.144788e-07	 6.550497e-07	 4.487164e-07	 4.487164e-07	 3.004764e-07	 3.004764e-07	 2.556909e-07	 1.749750e-07	 1.749750e-07	 1.480600e-07	 1.132785e-07	 8.708209e-08	 6.014654e-08	 4.921178e-08	 4.162030e-08	 4.162030e-08	 3.545163e-08	 2.536971e-08	 1.759788e-08	 1.441623e-08	 1.441623e-08	 8.877633e-09	 8.877633e-09	 8.492875e-09	 3.081831e-08	 3.081831e-08	 3.081831e-08	 3.081831e-08	 3.081831e-08	 3.081831e-08	 3.081831e-08	 3.081831e-08	 3.081831e-08	 3.081831e-08	 3.081831e-08	 3.081831e-08
1.37500	 2.369047e-06	 2.369047e-06	 2.092436e-06	 1.806290e-06	 1.596448e-06	 1.177785e-06	 1.177785e-06	 9.808168e-07	 7.905271e-07	 6.823745e-07	 5.973514e-07	 4.116461e-07	 4.116461e-07	 2.579279e-07	 2.579279e-07	 2.210050e-07	 1.573461e-07	 1.573461e-07	 1.278270e-07	 9.482497e-08	 8.312908e-08	 5.564456e-08	 4.661149e-08	 3.455724e-08	 3.455724e-08	 2.795769e-08	 2.410563e-08	 1.694812e-08	 1.496727e-08	 1.496727e-08	 9.807382e-09	 9.807382e-09	 9.020497e-09	 2.934782e-08	 2.934782e-08	 2.934782e-08	 2.934782e-08	 2.934782e-08	 2.934782e-08	 2.934782e-08	 2.934782e-08	 2.934782e-08	 2.934782e-08	 2.934782e-08	 2.934782e-08
1.42500	 2.057411e-06	 2.057411e-06	 1.760797e-06	 1.513830e-06	 1.306828e-06	 9.640727e-07	 9.640727e-07	 8.284689e-07	 6.794492e-07	 5.633413e-07	 4.871555e-07	 3.287497e-07	 3.287497e-07	 2.332005e-07	 2.332005e-07	 1.919455e-07	 1.341763e-07	 1.341763e-07	 1.074492e-07	 8.713283e-08	 8.117720e-08	 5.173547e-08	 4.038407e-08	 3.571577e-08	 3.571577e-08	 2.970913e-08	 2.140502e-08	 1.626102e-08	 1.240754e-08	 1.240754e-08	 7.974326e-09	 7.974326e-09	 6.634497e-09	 2.624367e-08	 2.624367e-08	 2.624367e-08	 2.624367e-08	 2.624367e-08	 2.624367e-08	 2.624367e-08	 2.624367e-08	 2.624367e-08	 2.624367e-08	 2.624367e-08	 2.624367e-08
1.47500	 1.610631e-06	 1.610631e-06	 1.467991e-06	 1.242481e-06	 1.076045e-06	 8.245070e-07	 8.245070e-07	 6.689860e-07	 5.747170e-07	 4.856267e-07	 4.252752e-07	 3.071482e-07	 3.071482e-07	 2.036066e-07	 2.036066e-07	 1.723980e-07	 1.181317e-07	 1.181317e-07	 9.819402e-08	 7.800734e-08	 7.037729e-08	 4.028642e-08	 3.604539e-08	 2.900470e-08	 2.900470e-08	 2.229410e-08	 2.059569e-08	 1.567616e-08	 1.098037e-08	 1.098037e-08	 8.405472e-09	 8.405472e-09	 5.745723e-09	 2.557110e-08	 2.557110e-08	 2.557110e-08	 2.557110e-08	 2.557110e-08	 2.557110e-08	 2.557110e-08	 2.557110e-08	 2.557110e-08	 2.557110e-08	 2.557110e-08	 2.557110e-08
1.52500	 1.332185e-06	 1.332185e-06	 1.169678e-06	 1.056579e-06	 8.983353e-07	 6.654701e-07	 6.654701e-07	 5.514776e-07	 4.903425e-07	 4.264619e-07	 3.574200e-07	 2.611931e-07	 2.611931e-07	 1.804646e-07	 1.804646e-07	 1.493787e-07	 1.040134e-07	 1.040134e-07	 8.731527e-08	 7.277892e-08	 5.847485e-08	 3.948943e-08	 2.889913e-08	 2.752512e-08	 2.752512e-08	 2.292036e-08	 2.014874e-08	 1.162451e-08	 1.169033e-08	 1.169033e-08	 6.895777e-09	 6.895777e-09	 5.588576e-09	 2.434743e-08	 2.434743e-08	 2.434743e-08	 2.434743e-08	 2.434743e-08	 2.434743e-08	 2.434743e-08	 2.434743e-08	 2.434743e-08	 2.434743e-08	 2.434743e-08	 2.434743e-08
1.57500	 1.104883e-06	 1.104883e-06	 9.748203e-07	 8.656317e-07	 7.375031e-07	 5.641253e-07	 5.641253e-07	 4.790368e-07	 4.170932e-07	 3.444563e-07	 2.861921e-07	 2.106729e-07	 2.106729e-07	 1.571402e-07	 1.571402e-07	 1.355289e-07	 9.266989e-08	 9.266989e-08	 7.764171e-08	 5.967580e-08	 4.804744e-08	 3.303705e-08	 3.150910e-08	 2.845224e-08	 2.845224e-08	 2.061254e-08	 1.745878e-08	 1.223874e-08	 8.793453e-09	 8.793453e-09	 6.819843e-09	 6.819843e-09	 5.719008e-09	 2.316161e-08	 2.316161e-08	 2.316161e-08	 2.316161e-08	 2.316161e-08	 2.316161e-08	 2.316161e-08	 2.316161e-08	 2.316161e-08	 2.316161e-08	 2.316161e-08	 2.316161e-08
1.62500	 8.798783e-07	 8.798783e-07	 7.773460e-07	 7.106527e-07	 6.265873e-07	 4.508884e-07	 4.508884e-07	 4.209134e-07	 3.553052e-07	 3.051236e-07	 2.561856e-07	 1.895045e-07	 1.895045e-07	 1.402056e-07	 1.402056e-07	 1.136269e-07	 7.776594e-08	 7.776594e-08	 6.624035e-08	 5.895135e-08	 4.493707e-08	 3.236964e-08	 2.571090e-08	 2.294212e-08	 2.294212e-08	 1.903024e-08	 1.435445e-08	 1.042645e-08	 7.517663e-09	 7.517663e-09	 5.946755e-09	 5.946755e-09	 4.300250e-09	 2.098303e-08	 2.098303e-08	 2.098303e-08	 2.098303e-08	 2.098303e-08	 2.098303e-08	 2.098303e-08	 2.098303e-08	 2.098303e-08	 2.098303e-08	 2.098303e-08	 2.098303e-08
1.67500	 6.965228e-07	 6.965228e-07	 5.944490e-07	 5.534696e-07	 4.977767e-07	 3.788718e-07	 3.788718e-07	 3.290003e-07	 2.869785e-07	 2.454943e-07	 2.221132e-07	 1.555102e-07	 1.555102e-07	 1.226887e-07	 1.226887e-07	 9.716308e-08	 6.364760e-08	 6.364760e-08	 5.589042e-08	 4.723224e-08	 4.418745e-08	 2.861668e-08	 2.281385e-08	 1.836872e-08	 1.836872e-08	 1.426997e-08	 1.369761e-08	 9.703158e-09	 8.202984e-09	 8.202984e-09	 4.717537e-09	 4.717537e-09	 4.358627e-09	 1.842142e-08	 1.842142e-08	 1.842142e-08	 1.842142e-08	 1.842142e-08	 1.842142e-08	 1.842142e-08	 1.842142e-08	 1.842142e-08	 1.842142e-08	 1.842142e-08	 1.842142e-08
1.72500	 5.696657e-07	 5.696657e-07	 4.829582e-07	 4.233644e-07	 4.054366e-07	 3.273963e-07	 3.273963e-07	 2.809306e-07	 2.289461e-07	 2.204554e-07	 1.857742e-07	 1.328880e-07	 1.328880e-07	 1.017985e-07	 1.017985e-07	 7.901719e-08	 6.089354e-08	 6.089354e-08	 4.571934e-08	 4.269037e-08	 3.382007e-08	 2.365242e-08	 1.992068e-08	 1.579020e-08	 1.579020e-08	 1.293575e-08	 1.225471e-08	 7.987009e-09	 7.145896e-09	 7.145896e-09	 4.301605e-09	 4.301605e-09	 4.726820e-09	 1.674384e-08	 1.674384e-08	 1.674384e-08	 1.674384e-08	 1.674384e-08	 1.674384e-08	 1.674384e-08	 1.674384e-08	 1.674384e-08	 1.674384e-08	 1.674384e-08	 1.674384e-08
1.77500	 4.550826e-07	 4.550826e-07	 4.167573e-07	 3.750911e-07	 3.330154e-07	 2.404705e-07	 2.404705e-07	 2.283524e-07	 1.971267e-07	 1.716681e-07	 1.582903e-07	 1.143211e-07	 1.143211e-07	 8.545820e-08	 8.545820e-08	 7.233828e-08	 4.795545e-08	 4.795545e-08	 4.555169e-08	 3.813042e-08	 2.929757e-08	 1.941983e-08	 1.698865e-08	 1.378321e-08	 1.378321e-08	 1.203456e-08	 1.045599e-08	 6.656843e-09	 5.703335e-09	 5.703335e-09	 4.659995e-09	 4.659995e-09	 3.908328e-09	 1.500149e-08	 1.500149e-08	 1.500149e-08	 1.500149e-08	 1.500149e-08	 1.500149e-08	 1.500149e-08	 1.500149e-08	 1.500149e-08	 1.500149e-08	 1.500149e-08	 1.500149e-08
1.82500	 3.889574e-07	 3.889574e-07	 3.447357e-07	 2.916579e-07	 2.618496e-07	 2.048913e-07	 2.048913e-07	 1.863063e-07	 1.737806e-07	 1.548827e-07	 1.301170e-07	 9.716778e-08	 9.716778e-08	 7.694811e-08	 7.694811e-08	 6.195605e-08	 4.452973e-08	 4.452973e-08	 3.552268e-08	 3.057021e-08	 2.501573e-08	 1.956070e-08	 1.498277e-08	 1.255742e-08	 1.255742e-08	 1.186136e-08	 9.002885e-09	 6.717231e-09	 5.352931e-09	 5.352931e-09	 3.411149e-09	 3.411149e-09	 2.740417e-09	 1.426698e-08	 1.426698e-08	 1.426698e-08	 1.426698e-08	 1.426698e-08	 1.426698e-08	 1.426698e-08	 1.426698e-08	 1.426698e-08	 1.426698e-08	 1.426698e-08	 1.426698e-08
1.87500	 2.880438e-07	 2.880438e-07	 2.773502e-07	 2.601272e-07	 2.273923e-07	 1.810254e-07	 1.810254e-07	 1.587167e-07	 1.392623e-07	 1.265967e-07	 1.054919e-07	 8.435395e-08	 8.435395e-08	 6.239478e-08	 6.239478e-08	 4.946851e-08	 3.684486e-08	 3.684486e-08	 3.309612e-08	 2.870921e-08	 2.033505e-08	 1.586683e-08	 1.435190e-08	 9.477599e-09	 9.477599e-09	 1.015514e-08	 7.525305e-09	 5.137964e-09	 4.468699e-09	 4.468699e-09	 3.401850e-09	 3.401850e-09	 2.514179e-09	 1.295610e-08	 1.295610e-08	 1.295610e-08	 1.295610e-08	 1.295610e-08	 1.295610e-08	 1.295610e-08	 1.295610e-08	 1.295610e-08	 1.295610e-08	 1.295610e-08	 1.295610e-08
1.92500	 2.512587e-07	 2.512587e-07	 2.313033e-07	 2.019767e-07	 1.730608e-07	 1.382869e-07	 1.382869e-07	 1.262351e-07	 1.229161e-07	 1.036531e-07	 9.118989e-08	 7.302651e-08	 7.302651e-08	 5.410310e-08	 5.410310e-08	 4.677044e-08	 2.933461e-08	 2.933461e-08	 2.988978e-08	 2.496791e-08	 1.809573e-08	 1.443841e-08	 1.151611e-08	 8.713453e-09	 8.713453e-09	 8.827251e-09	 7.849770e-09	 4.576274e-09	 4.658028e-09	 4.658028e-09	 3.011396e-09	 3.011396e-09	 2.021132e-09	 1.227697e-08	 1.227697e-08	 1.227697e-08	 1.227697e-08	 1.227697e-08	 1.227697e-08	 1.227697e-08	 1.227697e-08	 1.227697e-08	 1.227697e-08	 1.227697e-08	 1.227697e-08
1.97500	 1.915140e-07	 1.915140e-07	 1.836095e-07	 1.599995e-07	 1.626399e-07	 1.216306e-07	 1.216306e-07	 1.087371e-07	 9.722830e-08	 8.673713e-08	 7.248610e-08	 5.920449e-08	 5.920449e-08	 4.455575e-08	 4.455575e-08	 4.222853e-08	 2.912554e-08	 2.912554e-08	 2.245367e-08	 2.010186e-08	 1.819834e-08	 1.182099e-08	 9.145666e-09	 8.084626e-09	 8.084626e-09	 7.081778e-09	 5.620168e-09	 4.316327e-09	 3.547871e-09	 3.547871e-09	 2.452437e-09	 2.452437e-09	 2.065495e-09	 1.073944e-08	 1.073944e-08	 1.073944e-08	 1.073944e-08	 1.073944e-08	 1.073944e-08	 1.073944e-08	 1.073944e-08	 1.073944e-08	 1.073944e-08	 1.073944e-08	 1.073944e-08
2.02500	 1.597618e-07	 1.597618e-07	 1.452191e-07	 1.381546e-07	 1.372851e-07	 9.769280e-08	 9.769280e-08	 9.468655e-08	 7.258746e-08	 7.047728e-08	 6.168179e-08	 4.497783e-08	 4.497783e-08	 3.424758e-08	 3.424758e-08	 3.145457e-08	 2.244163e-08	 2.244163e-08	 2.125648e-08	 1.725215e-08	 1.407083e-08	 1.035779e-08	 9.884121e-09	 8.048739e-09	 8.048739e-09	 6.074411e-09	 5.012069e-09	 3.874195e-09	 2.861103e-09	 2.861103e-09	 2.583484e-09	 2.583484e-09	 1.906333e-09	 9.113821e-09	 9.113821e-09	 9.113821e-09	 9.113821e-09	 9.113821e-09	 9.113821e-09	 9.113821e-09	 9.113821e-09	 9.113821e-09	 9.113821e-09	 9.113821e-09	 9.113821e-09
2.07500	 1.173239e-07	 1.173239e-07	 1.162475e-07	 1.127032e-07	 9.922557e-08	 8.090519e-08	 8.090519e-08	 7.317667e-08	 6.155927e-08	 5.852876e-08	 5.260639e-08	 4.039597e-08	 4.039597e-08	 3.022735e-08	 3.022735e-08	 2.734540e-08	 1.745707e-08	 1.745707e-08	 1.730323e-08	 1.416121e-08	 1.281098e-08	 9.228828e-09	 7.975759e-09	 6.512800e-09	 6.512800e-09	 5.096071e-09	 4.665328e-09	 2.772736e-09	 2.432207e-09	 2.432207e-09	 1.742476e-09	 1.742476e-09	 2.003776e-09	 8.330169e-09	 8.330169e-09	 8.330169e-09	 8.330169e-09	 8.330169e-09	 8.330169e-09	 8.330169e-09	 8.330169e-09	 8.330169e-09	 8.330169e-09	 8.330169e-09	 8.330169e-09
2.12500	 1.117045e-07	 1.117045e-07	 9.695324e-08	 8.658510e-08	 8.561258e-08	 6.853424e-08	 6.853424e-08	 5.789270e-08	 5.322992e-08	 4.726861e-08	 4.294409e-08	 3.577889e-08	 3.577889e-08	 2.634805e-08	 2.634805e-08	 2.487017e-08	 1.508250e-08	 1.508250e-08	 1.425889e-08	 1.246555e-08	 1.150138e-08	 7.678625e-09	 6.401176e-09	 5.737762e-09	 5.737762e-09	 5.762611e-09	 4.066442e-09	 3.239083e-09	 2.435774e-09	 2.435774e-09	 1.415782e-09	 1.415782e-09	 1.512276e-09	 7.721314e-09	 7.721314e-09	 7.721314e-09	 7.721314e-09	 7.721314e-09	 7.721314e-09	 7.721314e-09	 7.721314e-09	 7.721314e-09	 7.721314e-09	 7.721314e-09	 7.721314e-09
2.17500	 8.535539e-08	 8.535539e-08	 8.008394e-08	 7.369709e-08	 6.998496e-08	 5.380857e-08	 5.380857e-08	 5.009783e-08	 4.632095e-08	 3.955274e-08	 3.446196e-08	 2.750416e-08	 2.750416e-08	 2.090021e-08	 2.090021e-08	 1.954810e-08	 1.391606e-08	 1.391606e-08	 1.328661e-08	 1.072581e-08	 1.027489e-08	 7.486576e-09	 6.686368e-09	 4.658429e-09	 4.658429e-09	 4.262184e-09	 4.096958e-09	 3.108146e-09	 2.114824e-09	 2.114824e-09	 1.173911e-09	 1.173911e-09	 1.379434e-09	 6.804731e-09	 6.804731e-09	 6.804731e-09	 6.804731e-09	 6.804731e-09	 6.804731e-09	 6.804731e-09	 6.804731e-09	 6.804731e-09	 6.804731e-09	 6.804731e-09	 6.804731e-09
2.22500	 3.689169e-07	 3.689169e-07	 3.329398e-07	 3.123215e-07	 2.712426e-07	 2.452453e-07	 2.452453e-07	 2.214633e-07	 1.983800e-07	 1.751878e-07	 1.655584e-07	 1.322211e-07	 1.322211e-07	 1.051479e-07	 1.051479e-07	 9.659925e-08	 6.824762e-08	 6.824762e-08	 6.460298e-08	 5.790668e-08	 4.949857e-08	 3.550895e-08	 3.451501e-08	 2.700187e-08	 2.700187e-08	 2.473290e-08	 2.306700e-08	 1.723470e-08	 1.306703e-08	 1.306703e-08	 1.047581e-08	 1.047581e-08	 8.624756e-09	 4.725743e-08	 4.725743e-08	 4.725743e-08	 4.725743e-08	 4.725743e-08	 4.725743e-08	 4.725743e-08	 4.725743e-08	 4.725743e-08	 4.725743e-08	 4.725743e-08	 4.725743e-08
