5.000e-01	mua, coeficiente de absorcion [1/cm]
20.0000	mus, coeficiente de esparcimiento [1/cm]
0.7500	g, anisotropia [-]
1.3800	n1, indice de refracción del tejido
1.3300	n2, indice de refracción del medio externo
2	Fuente
0.1000	radius, radio del haz plano o radio 1/e del haz Gaussiano [cm]
0.0000	waist, ancho de 1/e del foco [cm]
0.0000	xs, posicion en x de la fuente isotropica [cm]
0.0000	ys, posicion y
0.5000	zs, posicion z
45	NR
45	NZ
0.05000	dr
0.05000	dz
1.0e+06	Nfotones
0.000000e+00	Specular reflectance
9.196639e-01	Absorbed fraction
8.033609e-02	Escaping fraction
0.0	0.03333	0.07778	0.12667	0.17619	0.22593	0.27576	0.32564	0.37556	0.42549	0.47544	0.52540	0.57536	0.62533	0.67531	0.72529	0.77527	0.82525	0.87524	0.92523	0.97521	1.02520	1.07519	1.12519	1.17518	1.22517	1.27516	1.32516	1.37515	1.42515	1.47514	1.52514	1.57513	1.62513	1.67512	1.72512	1.77512	1.82511	1.87511	1.92511	1.97511	2.02510	2.07510	2.12510	2.17510	2.22509
0.0	6.188672529425e-06	6.188672529425e-06	9.522695240803e-06	1.163050856881e-05	1.366694835568e-05	1.595592327712e-05	1.784812945074e-05	1.946934876921e-05	1.994709541184e-05	1.994709541184e-05	1.946934876921e-05	1.784812945074e-05	1.595592327712e-05	1.366694835568e-05	1.366694835568e-05	9.522695240803e-06	7.760405445926e-06	6.188672529425e-06	4.980539077383e-06	4.980539077383e-06	3.100041469300e-06	2.399734174519e-06	1.906374845505e-06	1.468677983116e-06	1.468677983116e-06	8.862725940410e-07	6.945057813762e-07	5.436227895878e-07	4.206362502137e-07	4.206362502137e-07	3.238035550191e-07	2.001986095091e-07	1.563362924915e-07	1.238456654052e-07	1.238456654052e-07	9.291637768777e-08	5.758597434803e-08	4.798649056506e-08	3.576874432150e-08	3.576874432150e-08	2.418187864835e-08	1.672588044446e-08	1.672588044446e-08	1.010046976360e-08	1.010046976360e-08
0.02500	 1.480078e-05	 1.480078e-05	 2.231000e-05	 2.659209e-05	 3.040689e-05	 3.356142e-05	 3.807935e-05	 4.077247e-05	 4.307046e-05	 4.307046e-05	 4.077247e-05	 3.807935e-05	 3.356142e-05	 3.040689e-05	 3.040689e-05	 2.231000e-05	 1.860319e-05	 1.480078e-05	 1.204255e-05	 1.204255e-05	 8.073299e-06	 6.453735e-06	 4.889687e-06	 4.049719e-06	 4.049719e-06	 2.452442e-06	 1.925113e-06	 1.547411e-06	 1.232089e-06	 1.232089e-06	 9.178877e-07	 5.630486e-07	 4.772406e-07	 3.482072e-07	 3.482072e-07	 2.840541e-07	 1.766508e-07	 1.503211e-07	 1.030205e-07	 1.030205e-07	 7.003142e-08	 5.185874e-08	 5.185874e-08	 3.506049e-08	 3.506049e-08
0.07500	 2.098084e-05	 2.098084e-05	 3.176763e-05	 3.895600e-05	 4.513675e-05	 5.182930e-05	 5.880787e-05	 6.308095e-05	 6.914349e-05	 6.914349e-05	 6.308095e-05	 5.880787e-05	 5.182930e-05	 4.513675e-05	 4.513675e-05	 3.176763e-05	 2.574090e-05	 2.098084e-05	 1.672072e-05	 1.672072e-05	 1.073729e-05	 8.269237e-06	 6.690336e-06	 5.150115e-06	 5.150115e-06	 3.172400e-06	 2.465442e-06	 2.006210e-06	 1.535738e-06	 1.535738e-06	 1.187748e-06	 7.253264e-07	 5.800980e-07	 4.434541e-07	 4.434541e-07	 3.515538e-07	 2.402468e-07	 1.749331e-07	 1.403387e-07	 1.403387e-07	 9.043763e-08	 6.577840e-08	 6.577840e-08	 4.378718e-08	 4.378718e-08
0.12500	 2.726403e-05	 2.726403e-05	 4.296118e-05	 5.338912e-05	 6.394340e-05	 7.533713e-05	 8.463669e-05	 9.238913e-05	 9.905319e-05	 9.905319e-05	 9.238913e-05	 8.463669e-05	 7.533713e-05	 6.394340e-05	 6.394340e-05	 4.296118e-05	 3.485615e-05	 2.726403e-05	 2.169377e-05	 2.169377e-05	 1.354830e-05	 1.037306e-05	 8.218967e-06	 6.383498e-06	 6.383498e-06	 3.906789e-06	 3.041765e-06	 2.360923e-06	 1.825165e-06	 1.825165e-06	 1.424051e-06	 9.105460e-07	 7.274029e-07	 5.447712e-07	 5.447712e-07	 4.230275e-07	 2.674608e-07	 2.122049e-07	 1.681468e-07	 1.681468e-07	 9.923365e-08	 7.526684e-08	 7.526684e-08	 5.037282e-08	 5.037282e-08
0.17500	 3.500520e-05	 3.500520e-05	 5.586954e-05	 7.045099e-05	 8.838018e-05	 1.059384e-04	 1.235206e-04	 1.351463e-04	 1.422819e-04	 1.422819e-04	 1.351463e-04	 1.235206e-04	 1.059384e-04	 8.838018e-05	 8.838018e-05	 5.586954e-05	 4.395414e-05	 3.500520e-05	 2.737314e-05	 2.737314e-05	 1.629237e-05	 1.252268e-05	 9.824784e-06	 7.701477e-06	 7.701477e-06	 4.505180e-06	 3.585568e-06	 2.798678e-06	 2.123175e-06	 2.123175e-06	 1.760422e-06	 1.038852e-06	 7.982918e-07	 6.592869e-07	 6.592869e-07	 4.743549e-07	 2.953541e-07	 2.384796e-07	 1.896213e-07	 1.896213e-07	 1.139885e-07	 9.218674e-08	 9.218674e-08	 5.281621e-08	 5.281621e-08
0.22500	 4.247816e-05	 4.247816e-05	 7.162128e-05	 9.203078e-05	 1.166453e-04	 1.436692e-04	 1.749498e-04	 1.999886e-04	 2.154582e-04	 2.154582e-04	 1.999886e-04	 1.749498e-04	 1.436692e-04	 1.166453e-04	 1.166453e-04	 7.162128e-05	 5.492615e-05	 4.247816e-05	 3.201207e-05	 3.201207e-05	 1.949720e-05	 1.464668e-05	 1.132755e-05	 8.692083e-06	 8.692083e-06	 5.210189e-06	 4.025469e-06	 3.193374e-06	 2.335114e-06	 2.335114e-06	 1.881679e-06	 1.163276e-06	 9.438505e-07	 7.129068e-07	 7.129068e-07	 5.804000e-07	 3.382746e-07	 2.651931e-07	 2.042330e-07	 2.042330e-07	 1.294139e-07	 1.009326e-07	 1.009326e-07	 6.425946e-08	 6.425946e-08
0.27500	 4.982237e-05	 4.982237e-05	 8.972404e-05	 1.175371e-04	 1.541028e-04	 2.003149e-04	 2.514776e-04	 3.068175e-04	 3.361306e-04	 3.361306e-04	 3.068175e-04	 2.514776e-04	 2.003149e-04	 1.541028e-04	 1.541028e-04	 8.972404e-05	 6.658787e-05	 4.982237e-05	 3.798678e-05	 3.798678e-05	 2.209915e-05	 1.674285e-05	 1.293383e-05	 9.873698e-06	 9.873698e-06	 5.790024e-06	 4.511263e-06	 3.468089e-06	 2.723865e-06	 2.723865e-06	 2.076030e-06	 1.272864e-06	 9.837937e-07	 7.781296e-07	 7.781296e-07	 6.158912e-07	 3.643127e-07	 2.896845e-07	 2.250264e-07	 2.250264e-07	 1.443621e-07	 1.135878e-07	 1.135878e-07	 6.944554e-08	 6.944554e-08
0.32500	 5.775713e-05	 5.775713e-05	 1.068225e-04	 1.455811e-04	 2.010324e-04	 2.772491e-04	 3.775445e-04	 4.810437e-04	 5.581891e-04	 5.581891e-04	 4.810437e-04	 3.775445e-04	 2.772491e-04	 2.010324e-04	 2.010324e-04	 1.068225e-04	 7.896445e-05	 5.775713e-05	 4.291307e-05	 4.291307e-05	 2.419655e-05	 1.813956e-05	 1.394921e-05	 1.081702e-05	 1.081702e-05	 6.445446e-06	 4.818710e-06	 3.765399e-06	 2.934623e-06	 2.934623e-06	 2.217152e-06	 1.352888e-06	 1.024730e-06	 8.171567e-07	 8.171567e-07	 6.624030e-07	 4.037647e-07	 3.088524e-07	 2.557784e-07	 2.557784e-07	 1.483889e-07	 1.244806e-07	 1.244806e-07	 7.326877e-08	 7.326877e-08
0.37500	 6.543885e-05	 6.543885e-05	 1.241223e-04	 1.757520e-04	 2.554705e-04	 3.779490e-04	 5.616975e-04	 8.148915e-04	 1.052189e-03	 1.052189e-03	 8.148915e-04	 5.616975e-04	 3.779490e-04	 2.554705e-04	 2.554705e-04	 1.241223e-04	 8.990236e-05	 6.543885e-05	 4.780122e-05	 4.780122e-05	 2.636796e-05	 1.979055e-05	 1.526972e-05	 1.145772e-05	 1.145772e-05	 6.764797e-06	 5.213984e-06	 4.034738e-06	 3.020466e-06	 3.020466e-06	 2.376761e-06	 1.455625e-06	 1.122563e-06	 8.773649e-07	 8.773649e-07	 6.771852e-07	 4.029808e-07	 3.391950e-07	 2.634807e-07	 2.634807e-07	 1.599738e-07	 1.257457e-07	 1.257457e-07	 8.273684e-08	 8.273684e-08
0.42500	 7.125797e-05	 7.125797e-05	 1.397119e-04	 2.006742e-04	 3.037966e-04	 4.828286e-04	 8.103339e-04	 1.479052e-03	 2.534572e-03	 2.534572e-03	 1.479052e-03	 8.103339e-04	 4.828286e-04	 3.037966e-04	 3.037966e-04	 1.397119e-04	 9.767852e-05	 7.125797e-05	 5.117856e-05	 5.117856e-05	 2.784738e-05	 2.108544e-05	 1.615691e-05	 1.197710e-05	 1.197710e-05	 7.108446e-06	 5.326419e-06	 4.173868e-06	 3.237349e-06	 3.237349e-06	 2.473732e-06	 1.465324e-06	 1.178437e-06	 9.497237e-07	 9.497237e-07	 6.993820e-07	 4.305442e-07	 3.547540e-07	 2.598639e-07	 2.598639e-07	 1.618789e-07	 1.290965e-07	 1.290965e-07	 8.542228e-08	 8.542228e-08
0.47500	 7.267427e-05	 7.267427e-05	 1.471484e-04	 2.175601e-04	 3.370568e-04	 5.580064e-04	 1.052806e-03	 2.525845e-03	 1.217036e-02	 1.217036e-02	 2.525845e-03	 1.052806e-03	 5.580064e-04	 3.370568e-04	 3.370568e-04	 1.471484e-04	 1.018984e-04	 7.267427e-05	 5.337948e-05	 5.337948e-05	 2.883479e-05	 2.161648e-05	 1.633141e-05	 1.223556e-05	 1.223556e-05	 7.302839e-06	 5.364978e-06	 4.184924e-06	 3.285961e-06	 3.285961e-06	 2.503316e-06	 1.554491e-06	 1.193965e-06	 9.010096e-07	 9.010096e-07	 7.281943e-07	 4.445502e-07	 3.340163e-07	 2.822823e-07	 2.822823e-07	 1.659465e-07	 1.334649e-07	 1.334649e-07	 8.258485e-08	 8.258485e-08
0.52500	 7.400580e-05	 7.400580e-05	 1.478913e-04	 2.168389e-04	 3.366688e-04	 5.579915e-04	 1.055789e-03	 2.530761e-03	 1.216753e-02	 1.216753e-02	 2.530761e-03	 1.055789e-03	 5.579915e-04	 3.366688e-04	 3.366688e-04	 1.478913e-04	 1.027007e-04	 7.400580e-05	 5.335948e-05	 5.335948e-05	 2.866236e-05	 2.195704e-05	 1.617885e-05	 1.254475e-05	 1.254475e-05	 7.320312e-06	 5.508466e-06	 4.290594e-06	 3.321219e-06	 3.321219e-06	 2.569958e-06	 1.538909e-06	 1.201930e-06	 9.325657e-07	 9.325657e-07	 7.318420e-07	 4.210010e-07	 3.530000e-07	 2.909832e-07	 2.909832e-07	 1.652276e-07	 1.383536e-07	 1.383536e-07	 8.367723e-08	 8.367723e-08
0.57500	 7.010561e-05	 7.010561e-05	 1.384592e-04	 2.049015e-04	 3.051386e-04	 4.847921e-04	 8.171301e-04	 1.482081e-03	 2.511694e-03	 2.511694e-03	 1.482081e-03	 8.171301e-04	 4.847921e-04	 3.051386e-04	 3.051386e-04	 1.384592e-04	 9.788566e-05	 7.010561e-05	 5.139662e-05	 5.139662e-05	 2.856112e-05	 2.123934e-05	 1.601709e-05	 1.223330e-05	 1.223330e-05	 7.130276e-06	 5.373702e-06	 4.195360e-06	 3.308240e-06	 3.308240e-06	 2.552739e-06	 1.557683e-06	 1.239406e-06	 9.422105e-07	 9.422105e-07	 7.284297e-07	 4.585783e-07	 3.528627e-07	 2.726102e-07	 2.726102e-07	 1.841574e-07	 1.338547e-07	 1.338547e-07	 8.450036e-08	 8.450036e-08
0.62500	 6.562350e-05	 6.562350e-05	 1.250615e-04	 1.775393e-04	 2.565028e-04	 3.777506e-04	 5.674130e-04	 8.176987e-04	 1.060657e-03	 1.060657e-03	 8.176987e-04	 5.674130e-04	 3.777506e-04	 2.565028e-04	 2.565028e-04	 1.250615e-04	 9.009102e-05	 6.562350e-05	 4.828760e-05	 4.828760e-05	 2.674593e-05	 2.019767e-05	 1.536512e-05	 1.154754e-05	 1.154754e-05	 6.932284e-06	 5.389293e-06	 4.199479e-06	 3.233457e-06	 3.233457e-06	 2.500291e-06	 1.525158e-06	 1.170723e-06	 9.325144e-07	 9.325144e-07	 7.495999e-07	 4.670080e-07	 3.781266e-07	 2.821036e-07	 2.821036e-07	 1.759903e-07	 1.374870e-07	 1.374870e-07	 8.643516e-08	 8.643516e-08
0.67500	 5.866383e-05	 5.866383e-05	 1.087262e-04	 1.476991e-04	 2.048755e-04	 2.795372e-04	 3.751935e-04	 4.902158e-04	 5.668380e-04	 5.668380e-04	 4.902158e-04	 3.751935e-04	 2.795372e-04	 2.048755e-04	 2.048755e-04	 1.087262e-04	 8.037635e-05	 5.866383e-05	 4.419473e-05	 4.419473e-05	 2.537604e-05	 1.918080e-05	 1.459560e-05	 1.117643e-05	 1.117643e-05	 6.731128e-06	 5.166633e-06	 4.019225e-06	 3.141581e-06	 3.141581e-06	 2.487681e-06	 1.479952e-06	 1.169564e-06	 8.906894e-07	 8.906894e-07	 7.406169e-07	 4.524391e-07	 3.599320e-07	 2.734858e-07	 2.734858e-07	 1.723969e-07	 1.362137e-07	 1.362137e-07	 8.476268e-08	 8.476268e-08
0.72500	 5.192935e-05	 5.192935e-05	 9.049989e-05	 1.198151e-04	 1.580318e-04	 2.050093e-04	 2.583160e-04	 3.084549e-04	 3.388202e-04	 3.388202e-04	 3.084549e-04	 2.583160e-04	 2.050093e-04	 1.580318e-04	 1.580318e-04	 9.049989e-05	 6.819754e-05	 5.192935e-05	 3.970087e-05	 3.970087e-05	 2.290294e-05	 1.755474e-05	 1.357893e-05	 1.034770e-05	 1.034770e-05	 6.385794e-06	 4.938690e-06	 3.786345e-06	 2.966654e-06	 2.966654e-06	 2.353262e-06	 1.408049e-06	 1.125843e-06	 8.910664e-07	 8.910664e-07	 7.145736e-07	 4.378917e-07	 3.410737e-07	 2.823454e-07	 2.823454e-07	 1.657867e-07	 1.336119e-07	 1.336119e-07	 7.869103e-08	 7.869103e-08
0.77500	 4.478789e-05	 4.478789e-05	 7.387088e-05	 9.546265e-05	 1.185438e-04	 1.472878e-04	 1.782404e-04	 2.080736e-04	 2.162573e-04	 2.162573e-04	 2.080736e-04	 1.782404e-04	 1.472878e-04	 1.185438e-04	 1.185438e-04	 7.387088e-05	 5.734331e-05	 4.478789e-05	 3.418646e-05	 3.418646e-05	 2.050968e-05	 1.564926e-05	 1.250281e-05	 9.736843e-06	 9.736843e-06	 5.818749e-06	 4.581494e-06	 3.604817e-06	 2.804621e-06	 2.804621e-06	 2.183467e-06	 1.417603e-06	 1.094008e-06	 8.726829e-07	 8.726829e-07	 6.382394e-07	 4.170793e-07	 3.220894e-07	 2.490971e-07	 2.490971e-07	 1.720531e-07	 1.331720e-07	 1.331720e-07	 8.036543e-08	 8.036543e-08
0.82500	 3.699514e-05	 3.699514e-05	 5.872816e-05	 7.534780e-05	 9.014803e-05	 1.072085e-04	 1.252923e-04	 1.407001e-04	 1.512643e-04	 1.512643e-04	 1.407001e-04	 1.252923e-04	 1.072085e-04	 9.014803e-05	 9.014803e-05	 5.872816e-05	 4.775490e-05	 3.699514e-05	 2.915128e-05	 2.915128e-05	 1.822823e-05	 1.424350e-05	 1.098463e-05	 8.656010e-06	 8.656010e-06	 5.344045e-06	 4.201053e-06	 3.364142e-06	 2.644620e-06	 2.644620e-06	 2.094271e-06	 1.288209e-06	 9.873066e-07	 8.155664e-07	 8.155664e-07	 5.949921e-07	 4.035078e-07	 3.375138e-07	 2.547361e-07	 2.547361e-07	 1.575280e-07	 1.324959e-07	 1.324959e-07	 8.108687e-08	 8.108687e-08
0.87500	 3.078844e-05	 3.078844e-05	 4.673332e-05	 5.715872e-05	 6.842978e-05	 7.971754e-05	 9.116127e-05	 9.679028e-05	 1.076295e-04	 1.076295e-04	 9.679028e-05	 9.116127e-05	 7.971754e-05	 6.842978e-05	 6.842978e-05	 4.673332e-05	 3.814643e-05	 3.078844e-05	 2.487398e-05	 2.487398e-05	 1.572384e-05	 1.234670e-05	 9.636824e-06	 7.757567e-06	 7.757567e-06	 4.888364e-06	 3.923607e-06	 3.055832e-06	 2.427749e-06	 2.427749e-06	 1.881019e-06	 1.177314e-06	 9.597379e-07	 7.753888e-07	 7.753888e-07	 6.112119e-07	 3.690121e-07	 2.948420e-07	 2.454788e-07	 2.454788e-07	 1.530260e-07	 1.242324e-07	 1.242324e-07	 7.051623e-08	 7.051623e-08
0.92500	 2.516807e-05	 2.516807e-05	 3.724697e-05	 4.381569e-05	 5.146860e-05	 5.810223e-05	 6.631871e-05	 7.142046e-05	 7.478152e-05	 7.478152e-05	 7.142046e-05	 6.631871e-05	 5.810223e-05	 5.146860e-05	 5.146860e-05	 3.724697e-05	 3.096096e-05	 2.516807e-05	 2.052084e-05	 2.052084e-05	 1.326176e-05	 1.070242e-05	 8.564456e-06	 6.928601e-06	 6.928601e-06	 4.363942e-06	 3.514285e-06	 2.777846e-06	 2.172591e-06	 2.172591e-06	 1.756479e-06	 1.141522e-06	 9.182055e-07	 6.837691e-07	 6.837691e-07	 5.589051e-07	 3.366823e-07	 2.844442e-07	 2.359879e-07	 2.359879e-07	 1.486028e-07	 1.175231e-07	 1.175231e-07	 7.258862e-08	 7.258862e-08
0.97500	 2.054650e-05	 2.054650e-05	 2.922597e-05	 3.408452e-05	 3.943117e-05	 4.504233e-05	 5.003769e-05	 5.351089e-05	 5.167463e-05	 5.167463e-05	 5.351089e-05	 5.003769e-05	 4.504233e-05	 3.943117e-05	 3.943117e-05	 2.922597e-05	 2.439151e-05	 2.054650e-05	 1.688600e-05	 1.688600e-05	 1.132476e-05	 9.143208e-06	 7.439868e-06	 6.064081e-06	 6.064081e-06	 3.919223e-06	 3.105870e-06	 2.459779e-06	 1.943428e-06	 1.943428e-06	 1.583766e-06	 1.016616e-06	 8.220786e-07	 6.608282e-07	 6.608282e-07	 5.104101e-07	 3.356948e-07	 2.590864e-07	 2.182283e-07	 2.182283e-07	 1.329571e-07	 1.075086e-07	 1.075086e-07	 7.199367e-08	 7.199367e-08
1.02500	 1.656399e-05	 1.656399e-05	 2.292094e-05	 2.641434e-05	 3.021900e-05	 3.323892e-05	 3.756567e-05	 3.890874e-05	 3.946748e-05	 3.946748e-05	 3.890874e-05	 3.756567e-05	 3.323892e-05	 3.021900e-05	 3.021900e-05	 2.292094e-05	 1.988066e-05	 1.656399e-05	 1.374243e-05	 1.374243e-05	 9.407939e-06	 7.970221e-06	 6.367498e-06	 5.132228e-06	 5.132228e-06	 3.442410e-06	 2.760750e-06	 2.239346e-06	 1.765838e-06	 1.765838e-06	 1.456534e-06	 9.308358e-07	 7.429117e-07	 6.048336e-07	 6.048336e-07	 4.861460e-07	 2.960768e-07	 2.520953e-07	 2.014472e-07	 2.014472e-07	 1.274041e-07	 1.024155e-07	 1.024155e-07	 6.772889e-08	 6.772889e-08
1.07500	 1.339973e-05	 1.339973e-05	 1.812395e-05	 2.076049e-05	 2.276867e-05	 2.496731e-05	 2.798260e-05	 2.961739e-05	 3.005618e-05	 3.005618e-05	 2.961739e-05	 2.798260e-05	 2.496731e-05	 2.276867e-05	 2.276867e-05	 1.812395e-05	 1.586892e-05	 1.339973e-05	 1.100965e-05	 1.100965e-05	 8.045386e-06	 6.583951e-06	 5.478638e-06	 4.489578e-06	 4.489578e-06	 2.893610e-06	 2.402228e-06	 1.939870e-06	 1.616402e-06	 1.616402e-06	 1.261258e-06	 8.476209e-07	 6.953315e-07	 5.469801e-07	 5.469801e-07	 4.369755e-07	 2.790697e-07	 2.213107e-07	 1.727386e-07	 1.727386e-07	 1.134372e-07	 1.013380e-07	 1.013380e-07	 6.421687e-08	 6.421687e-08
1.12500	 1.064594e-05	 1.064594e-05	 1.457395e-05	 1.599178e-05	 1.745374e-05	 1.967662e-05	 2.108224e-05	 2.200574e-05	 2.199146e-05	 2.199146e-05	 2.200574e-05	 2.108224e-05	 1.967662e-05	 1.745374e-05	 1.745374e-05	 1.457395e-05	 1.229732e-05	 1.064594e-05	 9.177126e-06	 9.177126e-06	 6.504795e-06	 5.640300e-06	 4.592545e-06	 3.852662e-06	 3.852662e-06	 2.545604e-06	 2.097827e-06	 1.701573e-06	 1.369150e-06	 1.369150e-06	 1.098430e-06	 7.313923e-07	 6.019121e-07	 5.159471e-07	 5.159471e-07	 4.041117e-07	 2.592515e-07	 2.093732e-07	 1.668200e-07	 1.668200e-07	 1.122435e-07	 9.021060e-08	 9.021060e-08	 5.820867e-08	 5.820867e-08
1.17500	 8.723712e-06	 8.723712e-06	 1.124344e-05	 1.248454e-05	 1.345999e-05	 1.502460e-05	 1.579461e-05	 1.635616e-05	 1.875074e-05	 1.875074e-05	 1.635616e-05	 1.579461e-05	 1.502460e-05	 1.345999e-05	 1.345999e-05	 1.124344e-05	 1.004440e-05	 8.723712e-06	 7.403729e-06	 7.403729e-06	 5.470508e-06	 4.627783e-06	 3.950266e-06	 3.286226e-06	 3.286226e-06	 2.136607e-06	 1.879784e-06	 1.496805e-06	 1.216657e-06	 1.216657e-06	 9.984310e-07	 6.520099e-07	 5.357943e-07	 4.485199e-07	 4.485199e-07	 3.562819e-07	 2.421969e-07	 1.922988e-07	 1.541088e-07	 1.541088e-07	 9.860416e-08	 8.488757e-08	 8.488757e-08	 5.625705e-08	 5.625705e-08
1.22500	 6.931903e-06	 6.931903e-06	 8.762360e-06	 9.804429e-06	 1.080929e-05	 1.161301e-05	 1.200137e-05	 1.208394e-05	 1.260582e-05	 1.260582e-05	 1.208394e-05	 1.200137e-05	 1.161301e-05	 1.080929e-05	 1.080929e-05	 8.762360e-06	 7.928647e-06	 6.931903e-06	 6.199614e-06	 6.199614e-06	 4.532677e-06	 3.777199e-06	 3.206302e-06	 2.691148e-06	 2.691148e-06	 1.958117e-06	 1.551655e-06	 1.324476e-06	 1.066226e-06	 1.066226e-06	 8.701156e-07	 5.795764e-07	 5.029418e-07	 3.880065e-07	 3.880065e-07	 3.099668e-07	 2.114814e-07	 1.694647e-07	 1.491580e-07	 1.491580e-07	 9.081828e-08	 7.187299e-08	 7.187299e-08	 4.988753e-08	 4.988753e-08
1.27500	 5.534979e-06	 5.534979e-06	 7.020533e-06	 7.805617e-06	 8.266527e-06	 8.757226e-06	 9.388429e-06	 9.805956e-06	 1.001321e-05	 1.001321e-05	 9.805956e-06	 9.388429e-06	 8.757226e-06	 8.266527e-06	 8.266527e-06	 7.020533e-06	 6.321073e-06	 5.534979e-06	 4.822857e-06	 4.822857e-06	 3.681816e-06	 3.114303e-06	 2.597161e-06	 2.291624e-06	 2.291624e-06	 1.640203e-06	 1.345330e-06	 1.119057e-06	 9.101728e-07	 9.101728e-07	 7.766283e-07	 5.040667e-07	 4.264600e-07	 3.686494e-07	 3.686494e-07	 2.861442e-07	 1.868641e-07	 1.649587e-07	 1.290341e-07	 1.290341e-07	 8.762881e-08	 7.168166e-08	 7.168166e-08	 4.750273e-08	 4.750273e-08
1.32500	 4.480579e-06	 4.480579e-06	 5.674371e-06	 5.936062e-06	 6.439165e-06	 7.007165e-06	 7.281570e-06	 7.821813e-06	 7.353631e-06	 7.353631e-06	 7.821813e-06	 7.281570e-06	 7.007165e-06	 6.439165e-06	 6.439165e-06	 5.674371e-06	 4.975987e-06	 4.480579e-06	 3.827907e-06	 3.827907e-06	 2.992844e-06	 2.542114e-06	 2.258195e-06	 1.893681e-06	 1.893681e-06	 1.345221e-06	 1.132032e-06	 9.513546e-07	 8.144788e-07	 8.144788e-07	 6.550497e-07	 4.487164e-07	 3.979076e-07	 3.004764e-07	 3.004764e-07	 2.556909e-07	 1.749750e-07	 1.480600e-07	 1.132785e-07	 1.132785e-07	 7.692618e-08	 6.014654e-08	 6.014654e-08	 4.162030e-08	 4.162030e-08
1.37500	 3.512272e-06	 3.512272e-06	 4.422275e-06	 4.719911e-06	 5.146647e-06	 5.616219e-06	 5.389081e-06	 5.647641e-06	 5.411937e-06	 5.411937e-06	 5.647641e-06	 5.389081e-06	 5.616219e-06	 5.146647e-06	 5.146647e-06	 4.422275e-06	 3.840464e-06	 3.512272e-06	 3.101806e-06	 3.101806e-06	 2.369047e-06	 2.092436e-06	 1.806290e-06	 1.596448e-06	 1.596448e-06	 1.177785e-06	 9.808168e-07	 7.905271e-07	 6.823745e-07	 6.823745e-07	 5.973514e-07	 4.116461e-07	 3.352442e-07	 2.579279e-07	 2.579279e-07	 2.210050e-07	 1.573461e-07	 1.278270e-07	 9.482497e-08	 9.482497e-08	 7.165375e-08	 5.564456e-08	 5.564456e-08	 3.455724e-08	 3.455724e-08
1.42500	 2.851394e-06	 2.851394e-06	 3.393782e-06	 3.857332e-06	 3.974734e-06	 4.205739e-06	 4.421712e-06	 4.685249e-06	 4.593345e-06	 4.593345e-06	 4.685249e-06	 4.421712e-06	 4.205739e-06	 3.974734e-06	 3.974734e-06	 3.393782e-06	 3.124327e-06	 2.851394e-06	 2.546965e-06	 2.546965e-06	 2.057411e-06	 1.760797e-06	 1.513830e-06	 1.306828e-06	 1.306828e-06	 9.640727e-07	 8.284689e-07	 6.794492e-07	 5.633413e-07	 5.633413e-07	 4.871555e-07	 3.287497e-07	 2.896751e-07	 2.332005e-07	 2.332005e-07	 1.919455e-07	 1.341763e-07	 1.074492e-07	 8.713283e-08	 8.713283e-08	 6.190801e-08	 5.173547e-08	 5.173547e-08	 3.571577e-08	 3.571577e-08
1.47500	 2.325277e-06	 2.325277e-06	 2.697865e-06	 2.913895e-06	 3.139836e-06	 3.324092e-06	 3.520012e-06	 3.428374e-06	 3.362666e-06	 3.362666e-06	 3.428374e-06	 3.520012e-06	 3.324092e-06	 3.139836e-06	 3.139836e-06	 2.697865e-06	 2.497056e-06	 2.325277e-06	 2.068931e-06	 2.068931e-06	 1.610631e-06	 1.467991e-06	 1.242481e-06	 1.076045e-06	 1.076045e-06	 8.245070e-07	 6.689860e-07	 5.747170e-07	 4.856267e-07	 4.856267e-07	 4.252752e-07	 3.071482e-07	 2.382936e-07	 2.036066e-07	 2.036066e-07	 1.723980e-07	 1.181317e-07	 9.819402e-08	 7.800734e-08	 7.800734e-08	 5.811474e-08	 4.028642e-08	 4.028642e-08	 2.900470e-08	 2.900470e-08
1.52500	 1.878327e-06	 1.878327e-06	 2.181788e-06	 2.316776e-06	 2.463820e-06	 2.605685e-06	 2.566061e-06	 2.573039e-06	 2.335584e-06	 2.335584e-06	 2.573039e-06	 2.566061e-06	 2.605685e-06	 2.463820e-06	 2.463820e-06	 2.181788e-06	 1.941796e-06	 1.878327e-06	 1.633172e-06	 1.633172e-06	 1.332185e-06	 1.169678e-06	 1.056579e-06	 8.983353e-07	 8.983353e-07	 6.654701e-07	 5.514776e-07	 4.903425e-07	 4.264619e-07	 4.264619e-07	 3.574200e-07	 2.611931e-07	 2.332672e-07	 1.804646e-07	 1.804646e-07	 1.493787e-07	 1.040134e-07	 8.731527e-08	 7.277892e-08	 7.277892e-08	 4.637217e-08	 3.948943e-08	 3.948943e-08	 2.752512e-08	 2.752512e-08
1.57500	 1.441568e-06	 1.441568e-06	 1.805534e-06	 1.873501e-06	 1.858112e-06	 2.108178e-06	 1.857107e-06	 2.175466e-06	 1.959325e-06	 1.959325e-06	 2.175466e-06	 1.857107e-06	 2.108178e-06	 1.858112e-06	 1.858112e-06	 1.805534e-06	 1.576432e-06	 1.441568e-06	 1.291354e-06	 1.291354e-06	 1.104883e-06	 9.748203e-07	 8.656317e-07	 7.375031e-07	 7.375031e-07	 5.641253e-07	 4.790368e-07	 4.170932e-07	 3.444563e-07	 3.444563e-07	 2.861921e-07	 2.106729e-07	 1.754260e-07	 1.571402e-07	 1.571402e-07	 1.355289e-07	 9.266989e-08	 7.764171e-08	 5.967580e-08	 5.967580e-08	 4.057553e-08	 3.303705e-08	 3.303705e-08	 2.845224e-08	 2.845224e-08
1.62500	 1.152619e-06	 1.152619e-06	 1.368519e-06	 1.410162e-06	 1.610237e-06	 1.570641e-06	 1.577400e-06	 1.780546e-06	 1.913804e-06	 1.913804e-06	 1.780546e-06	 1.577400e-06	 1.570641e-06	 1.610237e-06	 1.610237e-06	 1.368519e-06	 1.255010e-06	 1.152619e-06	 1.048624e-06	 1.048624e-06	 8.798783e-07	 7.773460e-07	 7.106527e-07	 6.265873e-07	 6.265873e-07	 4.508884e-07	 4.209134e-07	 3.553052e-07	 3.051236e-07	 3.051236e-07	 2.561856e-07	 1.895045e-07	 1.646630e-07	 1.402056e-07	 1.402056e-07	 1.136269e-07	 7.776594e-08	 6.624035e-08	 5.895135e-08	 5.895135e-08	 3.581681e-08	 3.236964e-08	 3.236964e-08	 2.294212e-08	 2.294212e-08
1.67500	 9.065342e-07	 9.065342e-07	 1.088043e-06	 1.156092e-06	 1.284813e-06	 1.185962e-06	 1.306993e-06	 1.323554e-06	 1.327056e-06	 1.327056e-06	 1.323554e-06	 1.306993e-06	 1.185962e-06	 1.284813e-06	 1.284813e-06	 1.088043e-06	 9.369223e-07	 9.065342e-07	 8.475909e-07	 8.475909e-07	 6.965228e-07	 5.944490e-07	 5.534696e-07	 4.977767e-07	 4.977767e-07	 3.788718e-07	 3.290003e-07	 2.869785e-07	 2.454943e-07	 2.454943e-07	 2.221132e-07	 1.555102e-07	 1.421704e-07	 1.226887e-07	 1.226887e-07	 9.716308e-08	 6.364760e-08	 5.589042e-08	 4.723224e-08	 4.723224e-08	 3.351524e-08	 2.861668e-08	 2.861668e-08	 1.836872e-08	 1.836872e-08
1.72500	 7.369991e-07	 7.369991e-07	 8.220847e-07	 8.991369e-07	 9.557658e-07	 1.033015e-06	 1.017767e-06	 1.060039e-06	 1.050158e-06	 1.050158e-06	 1.060039e-06	 1.017767e-06	 1.033015e-06	 9.557658e-07	 9.557658e-07	 8.220847e-07	 8.199715e-07	 7.369991e-07	 7.363754e-07	 7.363754e-07	 5.696657e-07	 4.829582e-07	 4.233644e-07	 4.054366e-07	 4.054366e-07	 3.273963e-07	 2.809306e-07	 2.289461e-07	 2.204554e-07	 2.204554e-07	 1.857742e-07	 1.328880e-07	 1.160348e-07	 1.017985e-07	 1.017985e-07	 7.901719e-08	 6.089354e-08	 4.571934e-08	 4.269037e-08	 4.269037e-08	 2.699489e-08	 2.365242e-08	 2.365242e-08	 1.579020e-08	 1.579020e-08
1.77500	 6.001038e-07	 6.001038e-07	 6.644620e-07	 6.990388e-07	 7.928553e-07	 7.813710e-07	 7.456529e-07	 7.473781e-07	 8.946271e-07	 8.946271e-07	 7.473781e-07	 7.456529e-07	 7.813710e-07	 7.928553e-07	 7.928553e-07	 6.644620e-07	 6.561125e-07	 6.001038e-07	 5.409813e-07	 5.409813e-07	 4.550826e-07	 4.167573e-07	 3.750911e-07	 3.330154e-07	 3.330154e-07	 2.404705e-07	 2.283524e-07	 1.971267e-07	 1.716681e-07	 1.716681e-07	 1.582903e-07	 1.143211e-07	 1.035695e-07	 8.545820e-08	 8.545820e-08	 7.233828e-08	 4.795545e-08	 4.555169e-08	 3.813042e-08	 3.813042e-08	 2.614596e-08	 1.941983e-08	 1.941983e-08	 1.378321e-08	 1.378321e-08
1.82500	 4.935137e-07	 4.935137e-07	 5.515212e-07	 5.505273e-07	 6.019964e-07	 6.128338e-07	 6.126849e-07	 5.953591e-07	 6.658878e-07	 6.658878e-07	 5.953591e-07	 6.126849e-07	 6.128338e-07	 6.019964e-07	 6.019964e-07	 5.515212e-07	 5.118821e-07	 4.935137e-07	 4.408183e-07	 4.408183e-07	 3.889574e-07	 3.447357e-07	 2.916579e-07	 2.618496e-07	 2.618496e-07	 2.048913e-07	 1.863063e-07	 1.737806e-07	 1.548827e-07	 1.548827e-07	 1.301170e-07	 9.716778e-08	 8.079815e-08	 7.694811e-08	 7.694811e-08	 6.195605e-08	 4.452973e-08	 3.552268e-08	 3.057021e-08	 3.057021e-08	 2.186155e-08	 1.956070e-08	 1.956070e-08	 1.255742e-08	 1.255742e-08
1.87500	 3.587792e-07	 3.587792e-07	 4.195858e-07	 4.788385e-07	 4.534362e-07	 4.511635e-07	 4.874239e-07	 5.016269e-07	 5.304341e-07	 5.304341e-07	 5.016269e-07	 4.874239e-07	 4.511635e-07	 4.534362e-07	 4.534362e-07	 4.195858e-07	 3.931816e-07	 3.587792e-07	 3.700475e-07	 3.700475e-07	 2.880438e-07	 2.773502e-07	 2.601272e-07	 2.273923e-07	 2.273923e-07	 1.810254e-07	 1.587167e-07	 1.392623e-07	 1.265967e-07	 1.265967e-07	 1.054919e-07	 8.435395e-08	 6.788881e-08	 6.239478e-08	 6.239478e-08	 4.946851e-08	 3.684486e-08	 3.309612e-08	 2.870921e-08	 2.870921e-08	 2.004616e-08	 1.586683e-08	 1.586683e-08	 9.477599e-09	 9.477599e-09
1.92500	 3.041477e-07	 3.041477e-07	 3.546090e-07	 3.465080e-07	 3.768379e-07	 3.914688e-07	 3.772230e-07	 4.318465e-07	 4.990893e-07	 4.990893e-07	 4.318465e-07	 3.772230e-07	 3.914688e-07	 3.768379e-07	 3.768379e-07	 3.546090e-07	 3.082494e-07	 3.041477e-07	 3.116901e-07	 3.116901e-07	 2.512587e-07	 2.313033e-07	 2.019767e-07	 1.730608e-07	 1.730608e-07	 1.382869e-07	 1.262351e-07	 1.229161e-07	 1.036531e-07	 1.036531e-07	 9.118989e-08	 7.302651e-08	 6.011920e-08	 5.410310e-08	 5.410310e-08	 4.677044e-08	 2.933461e-08	 2.988978e-08	 2.496791e-08	 2.496791e-08	 1.450301e-08	 1.443841e-08	 1.443841e-08	 8.713453e-09	 8.713453e-09
1.97500	 2.383836e-07	 2.383836e-07	 2.735506e-07	 2.849173e-07	 3.202671e-07	 3.160161e-07	 3.197941e-07	 3.662188e-07	 3.188420e-07	 3.188420e-07	 3.662188e-07	 3.197941e-07	 3.160161e-07	 3.202671e-07	 3.202671e-07	 2.735506e-07	 2.458842e-07	 2.383836e-07	 2.341157e-07	 2.341157e-07	 1.915140e-07	 1.836095e-07	 1.599995e-07	 1.626399e-07	 1.626399e-07	 1.216306e-07	 1.087371e-07	 9.722830e-08	 8.673713e-08	 8.673713e-08	 7.248610e-08	 5.920449e-08	 5.127351e-08	 4.455575e-08	 4.455575e-08	 4.222853e-08	 2.912554e-08	 2.245367e-08	 2.010186e-08	 2.010186e-08	 1.519018e-08	 1.182099e-08	 1.182099e-08	 8.084626e-09	 8.084626e-09
2.02500	 1.938365e-07	 1.938365e-07	 2.123295e-07	 2.208966e-07	 2.184241e-07	 2.401008e-07	 2.555473e-07	 2.554479e-07	 2.035317e-07	 2.035317e-07	 2.554479e-07	 2.555473e-07	 2.401008e-07	 2.184241e-07	 2.184241e-07	 2.123295e-07	 2.228675e-07	 1.938365e-07	 1.957234e-07	 1.957234e-07	 1.597618e-07	 1.452191e-07	 1.381546e-07	 1.372851e-07	 1.372851e-07	 9.769280e-08	 9.468655e-08	 7.258746e-08	 7.047728e-08	 7.047728e-08	 6.168179e-08	 4.497783e-08	 4.067980e-08	 3.424758e-08	 3.424758e-08	 3.145457e-08	 2.244163e-08	 2.125648e-08	 1.725215e-08	 1.725215e-08	 1.287304e-08	 1.035779e-08	 1.035779e-08	 8.048739e-09	 8.048739e-09
2.07500	 1.505214e-07	 1.505214e-07	 1.595271e-07	 1.607279e-07	 2.053286e-07	 1.859521e-07	 2.446802e-07	 1.852875e-07	 2.255462e-07	 2.255462e-07	 1.852875e-07	 2.446802e-07	 1.859521e-07	 2.053286e-07	 2.053286e-07	 1.595271e-07	 1.809730e-07	 1.505214e-07	 1.451906e-07	 1.451906e-07	 1.173239e-07	 1.162475e-07	 1.127032e-07	 9.922557e-08	 9.922557e-08	 8.090519e-08	 7.317667e-08	 6.155927e-08	 5.852876e-08	 5.852876e-08	 5.260639e-08	 4.039597e-08	 3.163153e-08	 3.022735e-08	 3.022735e-08	 2.734540e-08	 1.745707e-08	 1.730323e-08	 1.416121e-08	 1.416121e-08	 9.700673e-09	 9.228828e-09	 9.228828e-09	 6.512800e-09	 6.512800e-09
2.12500	 1.355237e-07	 1.355237e-07	 1.565037e-07	 1.275547e-07	 1.277572e-07	 1.455306e-07	 1.694209e-07	 1.467626e-07	 2.343112e-07	 2.343112e-07	 1.467626e-07	 1.694209e-07	 1.455306e-07	 1.277572e-07	 1.277572e-07	 1.565037e-07	 1.306090e-07	 1.355237e-07	 1.279694e-07	 1.279694e-07	 1.117045e-07	 9.695324e-08	 8.658510e-08	 8.561258e-08	 8.561258e-08	 6.853424e-08	 5.789270e-08	 5.322992e-08	 4.726861e-08	 4.726861e-08	 4.294409e-08	 3.577889e-08	 3.185391e-08	 2.634805e-08	 2.634805e-08	 2.487017e-08	 1.508250e-08	 1.425889e-08	 1.246555e-08	 1.246555e-08	 8.610529e-09	 7.678625e-09	 7.678625e-09	 5.737762e-09	 5.737762e-09
2.17500	 1.016037e-07	 1.016037e-07	 9.632957e-08	 1.099554e-07	 1.267428e-07	 1.252615e-07	 1.063923e-07	 1.232038e-07	 1.008249e-07	 1.008249e-07	 1.232038e-07	 1.063923e-07	 1.252615e-07	 1.267428e-07	 1.267428e-07	 9.632957e-08	 9.842649e-08	 1.016037e-07	 1.010374e-07	 1.010374e-07	 8.535539e-08	 8.008394e-08	 7.369709e-08	 6.998496e-08	 6.998496e-08	 5.380857e-08	 5.009783e-08	 4.632095e-08	 3.955274e-08	 3.955274e-08	 3.446196e-08	 2.750416e-08	 2.448422e-08	 2.090021e-08	 2.090021e-08	 1.954810e-08	 1.391606e-08	 1.328661e-08	 1.072581e-08	 1.072581e-08	 7.322957e-09	 7.486576e-09	 7.486576e-09	 4.658429e-09	 4.658429e-09
2.22500	 4.271284e-07	 4.271284e-07	 4.475478e-07	 4.495099e-07	 4.780980e-07	 4.684333e-07	 5.395523e-07	 5.605403e-07	 5.249165e-07	 5.249165e-07	 5.605403e-07	 5.395523e-07	 4.684333e-07	 4.780980e-07	 4.780980e-07	 4.475478e-07	 4.267844e-07	 4.271284e-07	 3.880872e-07	 3.880872e-07	 3.689169e-07	 3.329398e-07	 3.123215e-07	 2.712426e-07	 2.712426e-07	 2.452453e-07	 2.214633e-07	 1.983800e-07	 1.751878e-07	 1.751878e-07	 1.655584e-07	 1.322211e-07	 1.242435e-07	 1.051479e-07	 1.051479e-07	 9.659925e-08	 6.824762e-08	 6.460298e-08	 5.790668e-08	 5.790668e-08	 4.170455e-08	 3.550895e-08	 3.550895e-08	 2.700187e-08	 2.700187e-08
